1079	1245
1515	1748
866	569
1590	1128
1121	1674
1710	1409
175	479
1717	1716
416	418
1915	1790
1079	1227
1851	2168
1435	1436
1445	2024
389	334
659	980
2778	2724
3172	2403
1787	1288
390	772
2759	2610
540	784
370	1337
847	506
48	106
782	162
218	2104
2496	2496
364	482
418	453
439	804
994	990
1580	2043
291	336
1795	1164
280	324
1120	1604
57	1682
2508	2215
3016	2238
291	462
1356	2061
2579	351
1511	2134
1822	1130
2002	1954
537	655
1517	1162
991	74
2042	1283
748	1000
530	879
390	98
3272	2767
3119	2336
437	711
968	727
422	586
1848	1205
390	94
1706	610
850	604
699	34
390	516
390	15
3072	3071
938	939
1895	779
1401	1109
342	771
3151	3146
917	325
3210	2970
848	983
482	51
699	697
37	1267
1624	1549
3142	2769
1428	1429
1	153
1683	1325
149	326
919	764
874	2429
707	708
648	299
123	547
1037	1679
2947	2876
2151	1433
1528	1255
2263	2959
1005	1586
979	750
1482	1482
2021	2079
979	935
291	154
604	59
390	711
31	2812
616	1000
390	668
1636	1289
1086	1480
872	778
2847	2849
2569	2729
2658	1532
3290	2334
2929	2867
432	915
1886	1944
352	353
1781	1774
1391	1582
846	848
1090	1608
3167	3168
1884	1885
523	261
3039	3073
772	516
383	384
1754	1641
1990	1311
160	854
2048	1846
201	2125
734	733
1475	2036
1555	1555
1406	1715
3212	3213
3208	2791
1883	1885
1383	1956
1975	1973
1004	7
488	368
2619	2618
329	63
279	3006
2878	3278
999	1000
1043	2139
641	157
699	105
488	834
296	69
2931	2492
637	326
445	94
2584	2672
1941	1030
2955	3173
1079	1931
1869	1873
629	629
183	185
1226	235
637	327
691	250
2319	2561
3147	3149
847	712
2782	2782
2052	2072
704	751
1541	1182
291	470
982	622
1637	1375
461	25
926	927
1896	2051
1031	1488
504	159
709	708
1967	1725
2106	1751
1906	3123
2509	2638
5	97
2126	2062
712	935
1033	1759
805	804
1970	1398
391	382
882	779
616	67
850	313
1036	1485
725	2400
3169	3014
2259	2427
2941	2389
1481	2139
3150	3149
472	145
488	1010
3297	2685
1193	1548
609	3162
661	726
1892	1274
1851	2995
1924	1275
2736	2476
2050	2032
3096	3182
167	639
297	1232
1708	818
295	732
1545	80
1634	1100
2050	1423
894	73
1461	628
1004	122
2205	2900
2232	3033
1493	1738
799	640
1386	1566
3246	3245
207	499
1416	1249
631	226
390	804
3125	2483
422	106
2847	2848
3164	2340
1366	1727
658	82
3220	3105
780	1895
847	593
1466	2045
71	939
418	1002
398	820
1759	1486
3071	2269
57	1253
1997	1996
1414	1476
3012	2418
488	833
1732	1985
89	546
30	1650
1165	1788
1860	1236
2153	1800
1870	1337
892	703
2207	2632
2252	3310
2778	2676
596	496
2083	2082
521	616
44	868
1968	474
2050	2033
301	2245
1675	1240
961	635
1148	710
1638	1181
1357	2774
989	990
390	880
1606	1105
1619	1188
469	697
574	549
3020	2533
685	845
1059	1365
1501	1502
3173	2251
37	2464
714	28
179	438
1924	1911
1373	1152
631	70
616	481
1469	686
1756	1784
1616	1616
1727	1514
2616	2617
3031	2432
2422	2371
647	898
1574	1280
954	379
439	259
441	1531
3046	3201
1004	502
1701	149
2607	2608
716	2381
699	575
3106	2428
422	105
2595	2325
862	1937
279	2969
2016	2017
3051	2270
1431	2193
554	469
265	69
2585	2584
39	1010
37	1724
3133	2413
2646	2282
1823	1651
3188	3189
1898	1899
698	180
673	376
698	575
471	338
1626	1772
853	3296
3125	2390
2996	2543
847	984
1918	2095
218	1724
1125	1250
1474	1921
1831	1554
1158	1571
551	680
1731	1364
1731	1194
179	779
1646	1321
390	708
522	1000
816	723
2320	2638
1695	1100
1064	1811
863	864
644	1010
822	242
1860	1668
2785	2405
2699	2441
1674	1482
1634	1828
1730	1192
608	168
1383	1115
2858	2464
383	514
2805	3112
659	986
2979	2599
3052	2510
717	180
1090	1174
2080	1954
2571	2570
2015	2014
2135	1053
2329	2329
985	629
2049	1151
3003	3003
2940	3076
3144	2283
979	493
2136	1747
1622	1622
643	271
748	956
2378	2683
1065	1093
3240	2435
714	987
2511	3206
1456	1232
1776	1107
1492	56
79	3162
364	745
439	167
2137	1069
410	174
1019	2064
1349	1290
179	1921
2754	2755
643	121
9	158
55	971
1546	1547
2056	1341
99	931
1916	1572
266	65
1168	2106
1577	1087
22	455
1148	1551
673	711
1908	1166
88	1999
5	949
880	774
2887	2424
123	310
661	836
2185	2539
699	748
1068	1209
121	866
1634	2165
719	347
1004	1597
2984	2454
331	66
1599	1685
2302	2506
2416	2629
756	334
1725	1545
2985	2454
698	619
1470	1705
1470	1944
2060	1201
1852	1340
2006	1258
518	952
656	166
973	196
1989	2149
2050	1285
311	2529
62	802
230	480
2245	2483
1543	828
298	1010
378	2596
1003	494
471	1383
495	139
1838	1836
722	721
390	906
768	665
1724	1267
1446	1447
2931	2497
1385	1385
1094	1317
1957	1409
437	516
2003	2002
3083	3084
1206	1604
847	760
303	841
1108	1676
1047	1636
860	214
483	706
759	720
608	896
3107	2840
986	959
1045	1980
1500	1089
3042	2539
1841	1183
24	952
2375	2269
822	412
2657	1286
780	1664
471	2221
1183	1836
1701	150
2233	2698
471	566
668	251
873	576
2591	2697
3108	2516
699	251
471	1199
2186	3139
390	303
1083	1439
2983	2986
2923	2924
2975	3118
262	673
3028	779
3274	2351
373	445
1683	1324
1517	1335
1751	2106
1223	1964
2486	2583
338	69
1976	1999
1125	1891
1277	2043
509	340
814	866
295	602
2149	1921
3146	3295
431	868
677	868
1878	1265
2872	2384
1129	1969
616	1714
2118	2024
84	743
525	590
2246	2246
276	107
1226	1322
1509	325
78	732
986	943
471	510
575	549
1618	1452
1220	1199
2747	2748
390	180
40	625
305	228
2711	2813
1949	1948
1861	1266
437	438
2802	3092
926	253
684	216
278	1267
439	382
1710	305
1045	1453
1834	1837
1380	1591
1522	1319
25	357
1029	1109
2558	2224
799	365
1920	1663
2713	2653
1013	2024
2884	2884
295	475
86	585
1392	1608
2494	686
429	1721
768	728
1801	1531
659	495
343	1804
1138	2168
699	669
372	1007
698	481
1420	2260
372	502
2046	1133
1013	1417
1994	1214
738	2665
1438	1342
1918	1811
2221	2513
1145	1139
441	2447
1690	1122
390	103
276	580
1101	2133
31	779
2462	2908
2395	3181
814	519
1175	1360
2203	2911
1498	130
1778	1778
1297	1013
1594	1593
2376	2965
407	812
2305	2905
373	94
814	807
337	287
1070	1236
1637	1638
2708	2825
291	356
1079	1742
681	2461
1509	149
2875	2914
631	750
1470	1955
2540	2469
816	121
2034	1981
3065	3066
615	3217
1509	326
736	320
739	588
270	868
799	707
2217	3037
1864	1552
3001	3307
1388	1982
865	1240
1437	1982
1649	1272
616	668
471	2812
314	315
230	148
822	281
1740	1741
265	567
1178	1178
285	697
1735	1737
2797	2249
2663	2664
413	2868
1927	1784
1693	1844
1374	2149
2014	1033
204	650
2320	2401
612	583
387	650
271	690
855	2699
12	777
3292	3292
747	516
1003	247
699	999
1902	1286
699	366
862	1850
1031	1872
866	121
1176	1897
3032	2477
993	1721
1657	1735
1056	1161
1664	1921
1803	1222
1602	1829
1646	1320
2733	3195
2083	1356
3234	3205
3152	3152
354	1958
293	169
2711	2531
3241	3242
848	816
3061	3062
932	386
737	320
917	149
3235	2845
1918	2114
29	793
3227	2346
1690	1478
2183	845
554	106
1905	1027
218	1489
674	72
3228	2456
3178	2428
1383	1272
2257	3021
1736	1314
1941	1244
1972	1964
439	597
1068	2115
788	935
553	673
1979	1978
753	195
1497	1497
323	514
3061	3060
2582	2662
462	828
831	886
390	896
1716	1716
3285	2365
447	778
2049	1308
1386	1758
2248	2746
1564	1110
1418	1306
1889	1344
416	144
2930	2471
447	800
876	1489
1206	1210
629	630
69	356
888	357
1989	1241
646	1282
1631	1129
847	816
1220	1387
2364	2418
28	633
1047	1127
1930	1487
1523	1167
404	401
793	859
429	1408
1094	1676
538	673
144	1002
1929	1698
2493	2854
848	985
2151	1432
201	383
337	675
2552	2456
1068	1718
1080	1583
1106	1339
2175	2122
390	10
1760	1953
1918	2175
2174	2173
2853	2852
1878	1684
448	810
296	655
1520	1233
1517	2079
748	987
1678	1469
814	35
577	965
410	316
179	1650
1045	1705
2166	1170
390	182
1770	1771
887	2728
1005	481
2982	2707
2521	2557
416	499
141	1002
758	758
57	1636
279	3005
230	146
605	185
441	2765
1120	1256
390	356
1038	1107
1420	3107
814	884
1446	1361
1626	1224
1175	2173
390	619
460	3159
1423	1845
838	383
2083	1328
682	91
471	1357
150	149
2081	1876
2741	2411
668	802
439	481
673	802
374	444
1799	1540
1878	1603
629	350
735	813
2487	3185
3021	1529
521	701
2813	2438
889	890
32	686
1985	1350
836	837
506	394
2040	2029
2049	1252
374	94
3155	2429
847	814
2890	2918
817	1002
566	770
1416	1144
591	978
60	586
25	655
32	665
574	310
439	668
2109	2110
2009	1224
2887	2886
488	964
2725	2725
2955	1813
2650	2660
2794	2795
296	1007
2130	963
1966	2112
782	2639
2489	2391
2723	2722
1704	1285
144	453
3006	3005
3244	2667
454	817
339	813
2202	3162
3151	962
639	640
795	1794
65	152
1051	1253
2985	2986
1150	421
439	212
3056	3055
292	233
2135	1680
780	2149
1420	432
1382	1889
2574	3217
2963	2834
1625	1315
2804	2524
2955	1173
1972	1091
1753	1949
2844	2227
1015	2093
2333	2500
338	555
2135	1194
1278	2020
1599	1078
2030	2090
986	226
201	1494
3030	2304
1528	2970
1582	2078
291	482
283	311
505	172
553	1951
2727	2913
608	639
390	746
364	673
547	259
2590	2476
1609	1842
471	556
2971	2417
1755	1837
3154	2459
2956	2950
1696	1697
876	725
1291	1344
3232	3233
1586	1336
877	718
3183	404
1128	1588
2669	686
1174	1200
1230	1514
862	862
767	494
927	456
1918	2023
1706	1243
2169	1529
772	355
2829	2458
1119	2036
678	867
390	910
953	415
961	1488
2745	2665
748	714
293	397
104	134
1120	1606
286	545
3258	341
493	492
1406	1080
1136	1494
1411	1225
2943	2482
1004	920
3212	3216
170	494
1816	1727
2706	2445
178	232
44	632
1577	1494
1810	1315
1102	1958
2878	3201
2624	2456
986	495
8	868
3202	3033
2559	246
958	844
2371	377
57	1981
471	31
184	1249
1994	1819
1464	1184
2684	2682
1876	686
902	555
32	687
1689	2176
22	599
422	1899
691	898
146	907
966	186
390	608
926	259
64	239
364	234
3281	3222
2822	2822
9	559
24	127
1573	1287
708	223
2263	1813
3021	2166
417	453
855	3124
660	875
584	386
330	137
541	507
416	1003
987	176
643	682
514	383
887	1951
897	557
1657	1737
748	998
2824	2977
1985	1584
326	917
1649	1650
1297	1089
1740	1740
769	1234
1866	1141
631	403
2937	2659
3260	3263
41	2773
1001	762
2221	2665
1588	1235
2288	2311
88	1998
275	469
152	573
792	793
2025	1235
498	239
2837	2882
1101	1840
34	829
456	147
471	3015
2299	2253
2785	2402
275	106
1970	1399
378	2339
847	529
783	290
1125	1302
1646	421
1011	2029
439	755
1678	1999
302	746
2131	2129
600	671
2278	1469
1507	1150
390	54
1632	1801
1850	1999
3171	2223
1900	1811
1733	1495
1727	1191
3100	3101
571	234
3027	3026
1918	2151
1460	1374
1460	1781
643	807
2049	2050
691	499
263	840
2245	2310
392	914
390	382
1043	1828
1160	1160
1833	1656
1059	1378
1174	1404
699	700
1000	67
659	211
905	2670
115	671
506	843
1004	2316
661	97
439	444
184	54
302	251
801	802
598	151
2148	1203
1254	1721
1137	1964
523	182
1693	1260
390	147
624	621
542	145
0	415
764	723
956	54
986	995
338	107
2790	2857
3043	2641
745	438
2006	2005
1857	577
948	328
218	2401
22	118
179	297
2955	2958
462	167
1919	1721
2885	2885
937	877
2031	946
30	1282
824	970
1597	1598
2528	2342
1241	1514
860	861
2164	2163
1314	1583
661	328
1918	2148
2540	3033
3175	3074
1226	1821
396	293
2233	3158
28	106
2005	1332
1506	1294
663	6
108	383
2658	2447
450	560
1004	516
25	69
1848	1216
447	921
674	76
1984	1747
809	807
3228	2037
788	546
681	219
184	697
1731	1737
439	669
274	735
278	444
502	501
1568	235
3143	2964
505	30
1150	1508
653	225
2049	2049
2258	2476
933	970
698	572
1866	2167
2002	1955
1373	1373
1735	1314
3040	770
265	194
672	2420
5	603
644	611
1911	1248
2110	2112
2211	2326
2865	946
1446	1448
916	77
1977	2026
264	723
1459	1104
1168	2096
554	1642
471	1169
2837	2838
1390	1672
830	176
28	987
1383	1649
2711	3244
471	127
2054	2072
2901	3279
3090	3196
105	176
2878	2561
1979	2149
1380	1378
71	190
1584	1314
1406	1733
2721	2629
1443	1534
390	176
1168	1511
4	588
178	228
439	364
2302	2284
1657	1359
1927	1790
1488	1872
1867	1866
31	732
2002	1452
364	697
663	643
1523	1826
838	108
1928	2022
825	321
445	444
3290	2444
86	797
24	947
2664	2044
999	67
471	797
423	952
1755	1836
976	516
2863	3131
1677	1724
3051	3054
1956	251
588	952
3237	3238
2983	2454
302	438
441	1236
1772	1217
905	673
1470	1704
2509	3301
522	54
745	746
79	828
272	827
2930	2980
1406	1370
1024	1527
2049	1703
3151	2219
1680	1194
2494	3040
2220	2220
2011	2012
1638	2013
487	950
1633	645
274	83
2328	3153
963	212
978	1549
218	725
637	325
972	3279
31	2774
1083	1390
1564	1563
1646	1883
354	2580
1699	1334
2512	2182
32	845
847	191
969	1707
471	272
280	350
887	687
608	773
2693	2373
917	112
1793	1777
416	146
395	397
2558	2780
932	869
3236	2480
612	569
164	952
218	732
1379	1605
390	212
2261	2306
405	2134
2378	2682
1048	1028
105	180
2345	2230
2987	530
1657	1736
979	980
2553	2405
862	732
2502	2377
522	956
3041	2415
714	67
465	466
742	475
1292	1854
3125	2485
2278	686
3308	3309
2022	1784
3183	401
838	201
1540	1266
1769	1174
2534	2473
996	751
748	106
1720	1747
2949	2949
1160	2083
782	754
439	702
450	449
373	374
275	54
1667	3153
787	722
2785	2553
396	397
1116	1893
483	702
1119	1119
354	2579
799	803
1691	1815
768	727
1113	1395
2627	3018
1223	2099
1023	1875
3176	2343
767	467
329	661
275	28
2306	2356
329	948
179	573
308	1986
847	785
3288	3287
848	109
1379	1074
2517	2367
2926	3249
1858	3013
1752	1628
1474	2065
1374	1979
1985	1071
659	1009
3147	3150
1359	1583
55	3279
1918	1917
290	157
1116	2139
2603	2602
1731	1314
384	514
1264	1284
2159	2175
822	418
390	200
654	860
2262	2412
8	1986
35	500
1678	1281
2080	1705
441	2168
1646	1885
2232	2540
3051	2234
3303	2399
1680	1378
460	3156
619	220
1707	2275
2781	2392
387	434
204	945
1397	2093
847	730
263	769
942	730
3262	2629
1030	1244
520	170
1725	2024
788	89
291	927
1071	1744
295	228
1496	1020
386	240
495	75
2082	2082
439	697
2406	2406
3125	2534
263	424
772	706
2987	2730
40	146
2832	2295
1541	1540
2306	2306
218	2638
1648	1243
1352	1449
1630	1747
1615	1042
806	247
2553	2402
1406	1584
2052	1463
814	121
1628	206
1637	1181
831	834
643	239
88	779
691	511
87	87
2593	1312
986	935
2674	2674
1771	2123
280	917
1223	1713
2219	2391
1101	2171
2049	1846
2996	2331
2827	2873
328	617
1731	1731
3157	2313
488	950
1500	1347
631	980
2740	2213
37	828
748	153
3136	3137
2996	2544
3064	2637
1528	2765
564	132
1638	1356
1473	1304
430	732
2455	2851
2080	1926
659	208
2518	2846
804	746
853	753
0	783
1667	3028
1731	1657
1949	1628
2580	2770
938	394
1972	1968
364	516
2048	1777
1888	1887
2000	1845
1640	1810
1670	1671
3146	3150
291	673
124	881
2142	2144
2657	2447
1107	1425
41	418
2436	2436
477	369
31	2202
2833	2744
47	213
1716	1717
318	51
1470	2002
2973	2973
1175	1385
488	17
79	278
1121	2113
30	1203
1877	1502
58	697
1406	1658
1681	1407
643	313
1557	1558
86	461
1900	1221
1701	326
1966	1548
3226	3227
2064	2065
3149	3150
2704	2602
1406	1364
1059	1014
905	3191
2591	2698
21	1678
1705	1704
847	729
1129	1937
905	2686
21	680
695	1301
1470	1954
1926	1344
469	586
595	594
1857	1126
2183	3156
1368	1415
978	917
2541	2944
747	805
731	166
1058	1236
2981	2452
1615	1037
2098	2071
276	901
2753	2387
1383	1650
97	949
1347	1089
2651	914
2809	2734
780	1788
1150	1506
851	543
676	2985
2678	2382
998	998
1066	1961
488	489
1731	1080
943	944
354	2407
410	570
343	869
1952	1952
2969	2292
488	271
348	630
609	462
285	94
901	555
646	2150
2490	2578
1817	1623
2142	2143
2525	2446
699	746
45	733
643	641
616	999
2591	821
1759	1561
611	950
1731	1736
2263	2951
1374	1177
1153	1342
2426	2756
1870	1178
51	481
998	67
847	394
814	816
2812	2539
495	19
2055	2056
1227	2792
847	980
2955	2952
1980	2032
1918	1188
3078	2744
1783	1471
1000	1000
1407	1179
847	761
673	839
905	732
3103	3104
517	871
1701	2057
1782	1576
2068	1345
816	866
999	987
646	2064
2657	1302
3022	2224
3002	2527
2522	3223
2731	2337
1348	1965
150	326
1406	1316
291	590
1135	1747
1147	1874
571	697
772	804
625	623
1989	1514
2394	2397
2937	2938
1731	1985
230	177
396	723
1076	1078
1424	1628
2957	1813
298	764
230	411
2351	3013
1637	1318
102	267
263	426
2669	2463
612	965
1451	1287
556	462
1421	1933
266	2081
2586	2586
637	150
977	516
278	2464
2520	3024
450	451
429	1409
1465	1298
1918	1308
1776	1404
339	2799
290	163
2088	1372
2594	2595
1478	1439
798	713
635	491
364	777
385	202
390	576
390	155
471	262
123	669
1496	1746
577	3209
2906	2484
583	158
780	1650
1549	1549
2063	1048
1645	1488
390	259
1858	3274
2034	1776
673	377
2841	2842
2969	1897
2312	3148
2365	3285
40	621
1978	1449
3170	2869
130	182
714	1000
9	970
1959	1673
616	575
698	694
2187	2666
704	239
2285	2616
2656	2194
2686	1714
1343	404
1243	1505
25	888
275	697
699	153
1396	1236
1143	1980
2177	2903
2628	2380
959	959
1219	1236
981	982
1788	1239
2955	2948
364	746
1032	2117
285	159
760	193
1865	1271
1220	1169
848	980
1353	1965
589	131
1450	2119
1473	1570
780	1991
390	363
2823	2610
184	539
496	142
655	508
847	527
2372	2372
488	955
2832	3161
704	143
1381	1268
1046	1286
1444	1440
1066	1963
297	504
333	722
1622	1275
2192	2488
822	145
916	274
1046	1902
32	697
1525	1661
665	728
3207	3207
486	138
1512	1824
905	685
56	1824
1047	1776
3228	3228
1310	2116
1638	1637
644	42
2661	2661
502	1007
615	350
172	56
263	26
556	257
1680	1014
1922	1901
290	252
439	517
572	697
685	697
1460	1124
996	752
2711	2465
483	259
673	762
488	790
3148	3146
847	526
373	2463
477	346
2352	2479
1516	2470
2862	2932
2347	2860
566	152
370	135
1	1937
2353	2565
1977	1974
739	592
517	525
471	732
390	702
1967	1013
1492	1492
3293	2624
1980	2033
3067	3066
2816	2383
547	590
2967	2966
2615	2615
381	605
809	136
1710	1512
727	728
863	165
410	116
847	435
780	1203
573	257
2273	2273
2298	3023
2923	95
3286	2379
274	63
1851	1801
1912	1150
1667	828
3207	2257
1406	1367
1906	2826
332	597
1918	2159
429	732
714	106
1078	1190
1382	1344
1893	1894
264	815
390	773
1473	1472
1040	1309
1842	1139
390	706
592	235
3095	3096
2434	2767
1168	1544
354	2770
1470	1453
3256	2653
30	1991
2688	2409
745	910
814	188
2195	2209
6	64
1512	305
748	48
202	255
51	438
533	732
58	302
372	888
739	235
332	2342
3138	2549
354	2586
1611	2155
1818	1210
390	470
862	1129
1183	1837
476	475
422	153
447	213
2621	2620
173	108
3124	2260
3029	2277
838	384
31	1489
2764	3224
1015	1439
1737	1359
11	387
539	86
2206	3099
390	153
291	516
390	573
2957	2959
126	617
3052	2234
3213	3211
2067	2067
2171	2172
3193	2294
1310	1610
1001	7
631	979
22	899
610	135
2821	2268
2324	3074
855	2282
695	1960
1101	1609
2745	3115
999	714
2130	2129
1762	1911
27	393
387	649
381	606
440	10
627	823
1549	978
1896	1176
960	2415
2603	2809
2658	2657
2796	2999
311	2530
1083	1440
2080	1333
539	460
2137	2147
2530	2529
184	714
1701	325
3305	2654
79	460
1374	1410
1732	1657
517	251
1857	1193
3195	2746
661	36
268	561
1050	1254
661	617
1510	1700
677	867
1203	1432
661	603
1416	1231
276	888
3124	2646
1154	1117
994	752
1756	1785
685	322
643	840
502	107
497	145
2110	2005
1102	1673
319	135
390	597
510	566
2724	2744
745	356
3035	3034
1203	2151
2776	2775
814	723
1056	1056
3086	3086
1731	1735
439	483
510	504
969	684
729	730
1806	1186
3235	2214
428	673
3262	1651
1040	1076
0	585
1516	1342
544	545
1743	1019
2641	3117
441	2665
2832	2323
729	1009
916	329
700	697
1406	1731
1912	1083
2080	1704
2554	2255
281	584
40	411
699	668
2805	3113
2831	2307
1568	1226
553	1921
438	251
1863	1336
51	356
461	69
2022	2022
738	789
1852	1295
1406	1822
819	634
552	952
2752	2889
3028	2460
1919	1920
1066	1962
553	2791
2467	2470
661	735
1920	1855
2375	3216
406	789
1236	2024
2594	2325
283	263
2750	2279
1634	2139
3075	2449
1737	1314
598	599
1420	2699
1886	1097
1842	1738
3058	3231
1695	1690
291	501
364	517
1222	1540
1247	1330
1998	1281
2976	3303
1970	1971
483	355
810	246
1031	1645
1702	1703
1521	3255
1374	2035
1279	779
2049	2075
1518	1519
1413	1240
410	411
287	170
1460	1218
2651	2994
471	276
2314	3282
2066	1788
1706	1612
1864	1095
659	570
1261	1750
1882	2101
1406	2135
631	620
2805	2805
693	401
986	980
352	354
631	495
1731	1680
2651	2574
86	626
2064	1921
3085	993
1524	1934
1918	1298
389	973
183	605
2733	2349
1037	1042
654	214
2711	2438
2135	2141
1406	1923
3045	3038
3022	2780
354	2585
2325	2594
714	153
301	68
471	780
842	896
429	1710
1630	14
2050	853
1073	1075
2955	2251
3047	2735
2214	2845
1307	2037
1759	1946
2340	2400
3043	185
714	105
389	636
848	814
390	557
769	1273
429	601
917	150
956	1894
1017	591
1675	1216
1019	609
37	182
699	54
1661	1098
1543	2460
2607	2606
218	3303
2613	2605
637	324
898	197
2357	2354
390	525
1634	1634
183	3117
809	808
615	3205
1409	1745
1938	1019
2736	2178
986	548
2049	2001
279	210
766	668
390	727
1799	2044
2049	2032
747	355
2003	1487
2404	2960
601	17
1411	1679
263	685
758	193
2935	2180
184	3252
364	251
487	42
1202	1183
1067	1236
441	1723
1005	51
1787	1654
291	1714
1847	1790
1550	1235
3168	2444
2733	2746
672	2437
748	999
488	42
847	996
1621	2137
916	63
905	2081
1242	2118
1914	1914
318	481
2050	1980
275	1000
747	504
2604	2766
1528	2738
2491	2223
23	309
2716	2717
714	956
372	655
396	778
1138	1801
700	366
1538	1248
2985	2984
2004	1461
2499	2191
266	88
2509	2649
390	799
2614	2619
2224	2780
288	917
3286	2703
1560	341
3290	3167
22	303
1397	3008
325	149
320	1009
3197	3197
747	911
2784	3031
1770	2123
2205	2899
1908	1689
3306	3302
561	561
1406	1736
1222	2044
1437	1388
655	1007
661	191
556	2266
1004	802
2083	1369
469	633
788	579
1827	2072
868	632
1464	1761
1553	1554
522	697
295	236
1204	1208
2278	1198
3123	2826
1709	1490
1990	762
743	979
1749	1235
318	597
2758	3063
1088	1236
953	684
295	771
79	103
769	2686
1615	1411
243	126
184	422
2145	2054
522	616
1731	1071
3275	2410
352	2583
418	141
793	818
390	82
3218	2433
581	580
245	1009
2256	2871
2955	2954
265	107
1673	1639
1046	1521
2658	1531
79	37
1079	1651
483	244
51	355
285	356
29	818
390	744
1107	1404
2052	1590
1155	1213
341	868
2501	3180
1034	1666
847	826
691	935
6	682
1850	1937
477	951
972	971
1068	235
505	562
505	534
3305	1529
372	194
1875	1988
3081	3082
616	998
1928	1785
291	106
293	396
1044	1274
793	793
1500	1088
64	210
3020	2532
2955	2503
1150	1659
410	975
1856	1868
698	701
2611	2612
699	987
951	399
2091	2064
714	54
837	835
2658	2658
3305	2166
323	513
1178	1871
2878	3046
40	148
753	227
1806	1805
1707	1229
646	549
1809	1974
2784	2553
263	122
698	904
1509	1639
2852	2853
1376	762
2010	2012
96	997
2777	2272
2689	2687
1041	2036
276	463
2195	2195
35	92
3189	2366
558	475
390	812
2440	2425
2189	2303
848	348
2243	3074
3294	2495
502	755
1972	1643
2600	3109
1878	1465
1539	1207
2705	2864
1153	1329
1011	2028
2040	2028
3091	3091
553	2161
537	380
1995	1997
1644	1719
1722	2068
390	317
709	707
18	59
878	269
2004	1571
698	85
439	414
643	38
876	732
60	443
263	311
2322	3203
2049	2033
554	422
326	324
417	810
643	64
1708	2753
936	937
1594	1592
1475	1679
905	2669
172	1934
1637	1977
1455	2072
2014	1759
635	870
660	40
1120	1818
2978	2978
422	194
2019	1398
615	1509
756	389
1859	404
847	187
179	267
1589	1149
326	350
450	710
2033	2032
1045	1944
1870	1944
1312	1019
1614	1773
805	516
1175	2174
2160	1968
699	106
934	680
482	481
3297	2879
773	356
554	58
1004	501
1456	1228
1744	1378
847	741
1206	1818
172	1168
1997	1179
822	417
556	829
992	725
439	871
2344	2456
1448	1602
659	330
1460	1979
2934	3270
2229	2597
3019	2867
1776	1174
2523	2431
1818	1256
1093	2026
2004	1214
1935	1576
1532	1532
364	483
297	802
666	667
1717	1887
2828	3219
443	586
1000	998
1368	1476
897	3093
1500	1070
265	501
3262	1823
2169	2166
522	1464
2955	2332
1509	327
1890	1253
390	482
3265	3000
354	353
281	861
663	858
780	272
2566	2567
471	179
2835	2370
1008	455
373	3015
2500	2500
2006	2110
79	2460
1456	1588
1580	2873
2641	185
1716	1139
441	1478
425	426
1694	1810
905	3041
1667	1326
51	597
691	134
3183	3184
769	687
909	446
979	237
688	841
329	97
1744	1014
737	736
2599	3093
1864	1123
1862	1430
2196	3279
293	778
1114	2058
1114	1187
285	445
1701	327
3085	2275
665	727
3124	2337
1517	1331
1924	1404
847	242
349	575
547	573
2202	2460
291	694
847	484
2881	3135
217	724
416	137
908	852
443	443
1479	2012
390	697
891	2728
986	875
661	852
502	508
30	2149
848	984
2161	1921
855	3107
1005	680
439	525
34	828
1692	1593
1657	1314
1903	1624
1125	1286
3161	2295
3190	2240
2916	1889
753	628
2183	2677
2919	2638
773	451
1004	355
699	22
3167	2334
2276	626
1226	592
1866	1246
2111	2112
290	260
1101	1864
390	336
643	136
998	54
2955	2760
1731	1359
1348	1353
2832	2286
325	326
441	880
1100	1723
0	690
2174	1385
1794	1793
272	516
1533	710
3280	2330
2684	2683
390	85
263	425
582	200
534	732
439	244
698	95
439	445
2006	1571
919	1010
716	135
2803	2803
1549	1624
2573	2965
1935	1567
279	358
763	800
659	722
1509	1262
863	865
891	428
2654	2166
2169	1170
297	3015
390	151
598	336
296	25
893	703
364	382
715	610
2010	2010
616	574
1740	1282
2678	2396
360	361
851	2756
64	569
1935	1936
3103	3274
1484	1346
2069	2068
2087	2086
905	1231
183	452
1725	1427
940	939
89	548
1479	1086
2592	3296
266	685
2623	2792
3031	2402
3220	2972
1957	1026
1100	1579
986	642
1797	1727
980	990
459	573
1016	2138
2137	1211
3229	3230
1812	1173
968	969
847	181
3028	828
1012	2031
2258	2737
1873	1663
349	619
1599	1950
1524	1254
2274	3127
2832	3160
564	536
1599	1076
390	234
659	750
1014	1378
2430	2430
1599	1600
828	1326
1153	1629
2225	2398
86	460
3189	2247
364	481
2014	2015
793	740
916	617
782	2640
2655	2690
689	573
2250	2904
822	879
628	1243
2916	2576
3153	2460
1528	1814
31	1282
31	1357
432	433
88	2073
572	573
1414	1355
1186	1648
2112	1332
505	69
3228	2624
1230	2097
291	159
1733	1059
2622	2859
916	400
522	105
2668	2670
887	779
291	640
2264	2223
1675	1933
447	93
12	508
2642	2601
471	285
1927	1785
2562	2563
390	253
1636	1253
2813	2465
37	444
2008	1341
1063	1229
533	533
986	750
3016	3017
3108	2517
1730	1142
2034	1289
1033	2014
769	686
390	248
806	2767
2855	185
977	355
1918	1276
631	995
623	623
2121	1964
1695	1828
1038	1536
3051	3052
471	541
705	432
522	153
1808	1808
1736	1735
1351	1893
1533	1687
616	571
1860	1242
1631	90
2593	3187
1516	1329
770	771
848	509
447	296
1804	1699
2278	3040
1017	1549
1047	1442
1967	1967
373	251
119	810
1664	779
3273	446
57	1608
1556	1555
566	802
2814	2815
1642	1284
1292	1953
608	167
53	309
1560	1818
996	994
905	1969
547	697
1012	2181
652	397
97	36
1106	1132
1789	2363
390	481
313	315
905	802
659	877
750	712
2990	2990
375	515
2139	1828
1416	1284
1877	1575
3253	3252
1160	1369
495	667
1444	1439
848	515
589	129
1460	1761
104	129
1381	1162
751	752
63	949
2564	2359
847	49
1678	1198
1729	1627
1543	2293
3043	2419
488	39
1042	1679
1349	2031
1796	1326
204	204
799	332
3198	3199
1859	3274
872	213
514	323
2625	2626
1004	365
741	1009
2921	2922
2241	2691
439	365
1970	1400
1626	2009
3099	3098
1043	2165
1203	1964
364	244
1662	1326
57	1127
773	773
1151	1301
349	574
2448	2563
2598	2548
291	683
390	483
1717	1717
1046	1532
1500	1499
522	1249
731	139
1055	1962
792	29
378	947
1406	1732
1438	1329
698	303
682	569
1820	1270
3244	2438
822	360
481	51
591	217
849	40
663	17
916	661
847	966
2580	2579
2593	62
58	180
471	30
2010	2011
1637	2026
1760	1854
390	507
1526	1761
3149	3146
2361	3255
3195	2349
792	859
643	348
804	911
51	470
410	241
387	202
390	1000
1039	1212
385	386
1159	1287
22	335
1568	592
53	161
2790	2461
1494	2125
2550	3005
679	680
925	431
295	634
275	153
442	106
1660	1661
1768	1099
865	1216
506	171
3122	194
1879	2012
295	535
285	896
31	297
546	548
946	1238
447	744
2895	653
2027	1093
388	676
265	888
1479	1661
697	224
1357	1976
1743	1874
1500	2024
2089	2087
2996	2997
612	52
698	574
390	391
3044	2216
32	592
390	106
495	743
245	722
2868	2466
365	2446
852	565
281	418
2559	3120
847	542
2738	2408
416	142
390	802
3277	2771
378	1633
624	623
96	913
1787	1780
1659	1659
2976	2399
57	1769
1060	1123
3010	3011
821	3013
471	802
2551	2551
1794	1487
916	36
1168	873
123	668
901	902
1850	1212
1013	1427
551	679
876	2401
1770	1298
1833	2154
699	619
993	3085
533	534
364	910
439	355
390	929
2350	2907
763	825
3068	3069
275	987
2977	2824
338	901
1388	1983
926	244
276	827
266	732
691	1009
699	516
631	492
2126	2127
1530	1185
2196	55
338	888
1678	2073
735	77
631	988
999	956
104	140
1223	1712
2157	1231
2324	2324
1736	1583
2714	2939
2338	3059
1999	1281
747	356
0	381
1047	1679
1395	1313
699	310
2007	1034
97	63
1045	1954
1977	1327
2259	2442
1878	2072
678	44
814	786
1103	2103
478	868
1944	1178
1040	1679
960	711
390	167
3051	2510
23	704
34	180
677	1984
2989	2988
1735	1736
522	999
685	687
1916	1422
714	999
1705	1617
1731	1583
3041	770
1831	1336
2375	3214
1033	2015
354	351
1038	1682
1952	1112
45	751
364	253
28	153
381	713
1273	1339
876	1724
2886	2888
2050	1648
1230	1811
805	746
1918	1739
2726	2557
1419	1921
620	621
1374	1062
1005	920
568	158
2589	2589
2633	2577
2222	2567
390	444
2242	2665
364	259
2022	1927
650	957
561	655
24	392
1931	2420
1421	1216
637	552
2235	2235
2820	2889
799	701
16	145
2420	2437
2902	2541
1454	1273
2936	2869
1143	2103
2105	1723
999	998
1037	1309
2547	2893
85	697
1901	1300
1916	1705
364	701
682	210
374	445
2568	2757
1512	1409
2742	1122
2584	2586
571	95
401	405
1114	2104
3177	3178
0	954
1461	1648
2695	2498
998	106
3020	936
1066	1171
1589	1590
2652	2271
2312	3149
1706	1258
1446	1377
646	2149
1185	1945
483	597
2648	2648
276	69
574	697
1519	1303
608	578
173	514
31	2082
1937	1212
1045	2002
2688	2689
2810	2525
754	802
1633	774
3250	3251
1050	1168
2156	1072
522	469
1863	1489
2912	2453
3043	2980
1519	1216
2695	2212
768	1876
1371	1078
646	1650
641	719
739	464
1380	1014
3087	3109
903	685
1223	1711
1948	1825
34	366
1084	2158
1634	26
731	907
795	2382
381	684
2798	3243
637	149
2897	2895
1731	1658
1586	1587
1891	1236
1562	1321
834	964
20	6
657	935
693	400
2169	1133
2811	2226
643	893
862	90
1150	2118
2928	2822
3037	1829
1068	1515
2686	687
312	315
390	233
1940	1918
554	1000
88	152
2836	2358
998	105
295	232
1691	1993
693	405
2296	2763
2995	2765
323	109
863	857
1426	2119
2212	2423
2155	1611
505	56
1870	1945
57	157
1753	1635
1273	1454
31	2665
2179	2200
3209	2393
350	515
876	1247
801	754
1055	1963
1152	2949
483	481
1524	2041
390	28
2197	2504
2139	1498
2168	1801
648	2181
531	188
2299	2259
2739	715
1468	1467
439	482
547	572
1049	1049
3119	2756
979	885
623	621
730	320
1691	1992
698	700
414	58
381	119
390	22
691	651
184	999
1838	1837
737	730
1018	1524
1542	1422
1043	1138
316	622
1098	133
932	240
573	829
364	51
698	571
685	592
416	351
1368	1414
293	213
388	579
956	633
400	402
30	1239
799	391
1202	1841
158	970
2261	2356
3020	2531
2085	2087
429	305
2866	3181
986	651
275	1249
2636	2635
2745	2588
2243	2324
390	899
685	686
149	149
2507	3074
278	310
1615	1614
857	775
661	877
660	986
9	202
460	685
641	209
3131	3130
2587	2587
1686	1559
1279	1976
739	738
104	131
905	88
364	706
2077	2175
1349	2124
1972	2160
2777	3088
3204	2468
390	523
3273	2237
745	911
439	438
364	525
1875	1616
1606	1604
699	714
643	83
615	288
701	668
99	723
2686	686
1775	1776
1013	1545
2084	2104
1799	1807
917	327
3283	3284
643	994
1918	1853
1460	1464
326	591
1585	1629
488	569
503	634
1376	1802
1387	1169
748	697
854	854
404	405
1021	1176
1000	956
3225	2968
291	216
1503	1285
1908	2176
822	473
1655	1422
506	939
2948	1173
849	607
471	1075
56	3291
985	515
2339	974
600	569
612	271
28	54
2362	614
2702	2647
927	147
3291	2318
397	213
1583	1189
31	1740
1254	2043
1661	1362
753	811
2501	2861
699	156
1708	1214
1710	1172
780	1282
2877	2561
2184	2306
1460	1140
2022	1402
1903	2032
2107	2108
2739	2707
847	138
705	1420
0	514
120	634
1500	1417
561	669
2991	2991
699	906
3080	3079
1436	1434
1406	1314
587	808
302	804
364	804
348	982
1979	1514
1860	1132
799	777
773	706
1632	2168
1910	1911
1772	2092
846	170
2335	3247
110	584
757	758
1716	1145
495	208
1755	1835
624	625
1634	2244
278	1724
715	135
339	1858
2732	2526
847	436
2081	2161
284	732
1492	1157
747	746
822	146
2700	3231
691	690
1297	1725
999	106
1727	1811
3125	2310
3270	2308
643	314
547	244
631	1003
1716	1082
1371	2140
1046	1302
1996	1179
294	588
11	945
2221	3115
3150	3146
349	1177
390	221
67	54
2877	2319
930	939
2644	2645
767	473
847	594
1381	2079
522	1460
2742	2880
493	907
698	456
1046	1891
439	918
987	180
2515	3133
490	805
1420	1770
2188	3300
386	202
1542	1215
1812	1813
291	746
2572	3192
390	244
678	1747
661	908
763	374
2018	1295
471	504
275	105
434	387
3179	3179
3274	3013
1405	1445
364	355
40	480
460	154
1047	1613
2788	2787
1040	1078
373	444
1942	1050
1764	1811
716	2961
1457	1550
862	534
1051	2121
564	775
3057	3033
2332	1173
828	2460
433	915
780	262
2128	1244
1114	2059
1645	1031
2118	774
1083	1083
654	202
846	287
524	971
2847	1807
747	804
2168	2168
2894	556
2360	2839
2962	2962
2105	1144
2494	1469
2374	2420
1835	1836
1848	1849
3175	2324
275	619
339	3158
1083	1912
842	180
855	432
1880	1257
748	54
847	186
615	592
2784	3094
86	272
2679	2679
3267	3266
780	88
2618	2617
390	450
69	516
531	810
13	250
1780	1288
439	332
3102	3101
1728	1085
1913	2143
3261	3263
855	704
495	979
290	784
390	456
2184	2356
2603	2271
390	445
765	363
3035	2246
659	660
338	902
887	686
3043	2909
2052	2025
364	302
2317	2457
842	842
429	1172
243	617
85	619
396	213
1709	2072
2579	2407
2235	2992
1838	1834
847	595
338	463
3174	2728
266	152
5	36
1058	2024
278	182
2198	2198
887	1999
1683	1684
2669	3191
1035	1491
772	896
1175	278
591	724
661	203
2228	3299
2711	2667
2745	464
364	103
3156	3159
1416	1234
1193	2112
2839	2840
348	170
1379	1462
266	297
1707	1511
612	964
2883	2421
1946	1759
421	1262
763	427
1461	1243
795	91
1772	2009
659	70
323	133
2207	2855
209	347
2231	2231
846	604
303	180
2930	2419
3278	2701
1839	1325
1273	1668
857	345
390	156
1652	1868
1895	1991
287	675
2050	2112
3014	3015
3095	3097
2541	2542
1578	1530
447	535
663	831
1820	1259
1545	1427
615	217
1920	1111
2829	2933
1589	1128
1906	2048
5	63
2536	2280
817	171
452	605
364	365
2146	2162
488	487
1038	1636
1853	1582
1667	2460
1120	1210
461	888
1980	1285
1150	1262
851	2336
1918	2094
2586	2585
1896	1393
2917	2301
273	433
1832	1833
1150	1236
661	313
274	203
799	639
886	1010
1787	1052
1613	1190
460	263
698	668
699	701
203	239
1786	1784
85	366
1080	1195
472	142
2375	3213
1180	1196
389	467
772	746
79	1724
916	813
1038	1174
2801	2800
2006	1422
1470	1980
338	827
471	122
522	619
2189	2634
1820	1617
1154	1135
2368	2368
3162	2460
2514	2599
1004	619
589	134
372	69
273	432
338	580
2843	2276
2534	2609
2696	1867
3186	2381
276	655
1852	1257
1767	1099
263	768
297	127
613	955
517	310
643	661
846	850
933	247
268	668
364	462
531	532
663	657
1959	1958
1902	1302
2818	2819
3084	3082
2285	2285
3276	2450
3028	3162
404	403
477	753
2709	2681
2891	2253
847	509
612	955
662	877
776	883
822	810
999	105
2039	2038
390	673
661	314
1220	1075
1107	1200
1743	2394
699	1000
1664	1991
64	91
1029	1100
272	262
293	651
2050	2006
1690	1814
501	1007
867	1747
1653	1237
474	90
3286	2437
699	98
3202	2468
648	2865
986	84
2934	2308
505	78
574	95
1392	1090
791	188
1592	1593
2274	2044
2631	2481
329	114
355	356
1386	341
3107	2441
876	2638
79	1019
832	17
3096	3097
998	1000
1230	1191
12	1741
388	249
1850	1951
780	1239
681	231
1599	1613
400	405
2983	2984
1081	1141
2776	2267
420	233
1312	1493
1892	1296
390	658
97	5
2920	2920
1843	1738
2259	2744
276	902
847	583
1916	853
1131	1885
419	281
439	51
1543	1326
2049	1845
1819	2048
2218	3194
416	879
2006	2109
1546	1763
847	18
3	634
1077	1527
522	1374
1416	2157
2213	3258
276	581
2863	2864
769	796
1461	2005
447	967
3190	3116
999	54
3030	3030
1560	1668
1423	1285
1413	1216
661	948
659	979
621	623
285	2482
184	1761
747	481
1256	1818
1463	1590
487	271
769	1231
2022	1790
1083	2093
2593	3166
170	306
2213	2244
483	525
2202	828
1374	1061
1439	1440
887	1998
2643	2645
2710	2761
1435	2008
329	36
2942	2915
1092	2009
822	472
1657	1583
47	778
572	180
1456	1235
173	384
1517	1268
263	566
2049	2175
1595	1596
389	936
572	549
3185	402
916	5
403	405
2932	2862
28	105
2316	2406
1015	1236
1706	1224
2519	2254
847	409
2139	1255
1197	1587
24	685
1057	1254
14	868
291	317
344	2570
230	621
2651	692
643	808
905	768
2668	2669
2640	2639
544	286
1500	1236
933	202
1919	1873
517	673
2148	2150
616	51
2694	2505
1737	1736
2105	311
1063	1707
434	506
3240	2443
2586	2584
3043	3117
772	911
696	614
876	2400
847	81
2688	2687
1876	687
887	1281
1988	1987
2774	2293
1406	1941
891	924
272	887
2369	3070
631	241
2806	2807
2027	1065
2226	2341
364	911
1004	1336
2105	1100
3240	3222
595	593
1354	1019
1045	1955
2614	2617
941	938
22	668
862	1969
1991	1921
192	607
1928	1784
418	146
2076	1245
2945	2355
263	344
659	1003
2616	2614
2671	2439
718	877
401	402
2615	2285
2934	3271
353	164
422	714
892	500
799	708
2455	2850
79	2677
2545	3274
905	2161
1005	2860
646	732
3099	2675
424	426
985	350
413	2466
2081	665
2050	1542
608	413
392	592
1443	1535
117	117
1483	2116
2556	3255
2874	3105
439	58
410	622
855	1675
1273	1714
300	418
2745	122
677	678
2019	1400
266	3191
1903	1965
659	241
917	326
640	639
2808	2354
1878	1096
291	926
1011	1034
2784	2402
972	55
876	992
364	550
3169	3015
389	196
616	3236
3089	2712
2892	2300
3114	2239
1727	2097
3240	2883
3033	2540
1728	1729
30	2064
488	488
1857	1859
1017	1264
780	732
383	108
441	774
3147	3146
1038	1404
230	625
2784	2432
780	267
24	406
457	458
2898	2362
88	1281
308	868
422	633
887	697
979	242
954	737
1542	1980
326	1701
2682	2683
1735	1359
1537	1394
444	94
1343	1881
390	694
670	205
1524	1168
2799	3128
1467	1467
932	202
616	714
1599	2074
86	769
439	747
1638	1375
390	154
1479	1480
67	176
2856	2751
70	750
887	262
86	26
589	140
1612	1263
1473	1569
422	54
304	304
1386	1384
704	752
3067	3065
699	155
669	251
3212	2208
507	206
1690	1891
847	202
390	504
51	516
492	570
218	65
1681	1409
483	708
905	697
1151	1960
3286	2721
297	541
1401	1401
759	193
390	680
29	859
2350	2793
1972	1609
814	136
3260	3261
1363	1946
3029	3029
1564	1565
2282	1518
1457	1232
495	935
1416	1431
289	732
1801	2024
905	2278
1046	2024
2246	3034
554	830
179	1075
799	390
620	623
2910	2451
769	685
297	797
359	358
1368	1355
1771	1770
2265	2204
422	987
926	483
647	197
547	159
781	2585
488	367
390	51
1374	1726
2046	2047
2210	1707
616	748
1891	1439
291	3130
1134	1422
1034	1665
862	474
1687	1508
1387	1073
390	254
691	519
509	174
272	310
847	723
688	180
460	1006
631	411
1101	1441
441	1801
677	1747
644	271
397	778
100	680
572	841
514	868
309	161
2794	2289
856	877
2925	2925
2277	3029
1408	1715
262	797
1015	1440
439	253
1673	1958
429	284
638	128
3254	2297
0	691
1406	1380
2438	2465
681	248
1530	2008
37	310
2805	2807
1687	1236
439	302
362	971
88	154
483	918
822	767
1458	1850
795	1811
459	697
353	421
763	805
749	634
371	895
2953	2950
3048	2290
2535	2534
265	502
522	987
1338	1332
1472	1585
2388	2388
3188	2247
3167	2444
1769	1107
390	414
3043	3111
2809	3129
745	251
1029	1248
2981	2549
678	379
61	944
1766	1282
780	2064
460	2361
2361	130
646	1895
2762	2204
3008	3009
1390	1148
2996	3233
1646	1262
748	105
291	67
2322	2605
99	952
925	868
1055	1961
291	152
1101	1118
748	28
3239	2772
2100	2102
995	935
1524	1581
1532	1286
1687	421
1509	150
284	1513
1006	779
678	1984
1423	1980
2780	2870
1293	1930
3268	3266
2593	2199
2830	2291
900	810
1633	1801
838	173
2080	1300
1759	1947
390	701
2224	2779
993	605
1560	1339
2855	199
847	46
265	655
799	167
372	501
1389	1146
439	516
22	469
664	502
1634	2257
1022	1907
2494	1198
390	462
1014	1059
390	700
299	468
1158	1461
661	63
439	94
9	820
363	363
1736	1359
1731	1584
1067	1251
654	255
278	828
1158	1214
643	866
2339	2596
471	1232
608	706
3141	2673
1068	592
2998	3109
763	50
1896	1607
2232	3203
1423	1542
1851	1633
179	1991
1001	377
1851	3009
2055	2054
1209	1748
3007	2272
753	559
302	911
266	905
574	572
2006	1214
748	67
3202	2540
1255	1255
1522	1323
409	191
3290	3168
2686	2385
3123	1698
1083	1939
40	177
1174	1425
2865	2181
800	93
947	974
2894	3048
780	1921
700	619
1080	1189
1477	1909
279	2292
1634	1893
698	697
1372	1904
553	2728
2081	1305
628	1461
822	144
67	105
263	796
3134	3133
2923	2692
2616	2618
1732	1731
218	1247
608	238
291	167
2236	2193
2210	2275
905	1234
3107	2699
3286	2864
1101	2170
3085	2647
698	549
3095	3182
31	646
737	729
643	923
1414	1415
113	382
862	1212
297	122
745	805
847	788
1075	1169
57	1536
616	694
1620	2138
1528	1723
1373	1083
338	581
1004	481
1787	1254
1787	1789
731	979
1657	1189
486	485
1971	1398
1148	1403
3298	2743
471	697
880	645
944	258
364	918
0	111
1054	1491
439	680
2136	1394
847	983
745	804
542	101
390	550
753	695
2335	3200
3185	2864
1236	774
29	740
3155	874
693	404
876	3303
2894	2266
814	808
1406	2070
2550	3004
615	306
922	896
1043	1893
2768	2315
34	573
2121	1299
429	1512
3199	3199
2145	1805
2031	1238
926	918
1150	1294
1928	1927
1636	1682
685	665
2538	2309
1556	1647
2053	1273
2049	2048
31	3028
606	199
596	160
631	1009
9	260
985	917
390	231
1986	1747
1985	1734
2817	2472
1975	1156
905	686
1857	1966
2974	3077
1406	1737
855	733
1307	2036
1414	1368
657	656
682	239
3084	3081
389	579
2455	861
986	61
408	516
2105	1579
390	669
940	938
2946	2789
1980	2112
946	706
390	219
1905	1360
2050	1332
25	683
3259	2477
938	506
1752	1949
1483	1310
763	93
928	651
483	516
419	360
663	20
1206	1606
1857	1858
2630	2321
3124	1849
788	875
542	791
3186	2961
704	563
179	1282
2190	3145
2927	2363
976	355
422	48
389	584
2361	2556
1148	1687
1222	1807
2101	2102
2560	2581
1421	1765
618	240
567	1650
1079	1823
753	874
867	868
1005	1336
847	519
282	631
1729	1717
625	229
1935	1782
847	775
183	2207
1343	1412
1850	1998
1646	1131
2832	3200
1815	1992
1657	1080
87	597
912	826
364	470
1667	2328
2256	2256
2654	1529
847	307
269	80
1634	1138
287	692
1798	2108
2878	2319
2753	2418
305	232
338	655
2711	2532
2245	2390
31	882
629	515
1254	754
661	835
2843	626
616	572
506	721
1414	1025
295	882
1031	1487
999	28
677	1394
390	698
364	167
2083	1637
672	215
769	538
3085	2210
865	1933
1090	1107
661	674
2795	1241
482	697
390	517
34	697
1090	1404
2206	2675
2719	2718
2537	2537
1352	1207
1733	1744
905	2728
291	445
1554	1553
272	103
794	240
2715	2475
2212	3132
2348	2548
1804	1334
1944	1945
184	106
2590	2178
2720	3015
2773	2783
390	7
275	956
2601	2642
178	236
3202	3203
2	962
2202	779
401	400
1014	1365
1004	901
745	516
1812	2152
1042	1037
1380	1059
1206	1256
373	262
2993	3311
1108	1317
1925	2075
1678	686
609	828
3140	2371
33	260
0	99
855	2441
2052	1490
3050	3049
323	512
2696	3144
1147	1952
781	858
2558	3022
1101	2132
747	51
2960	2404
28	48
3269	2230
1779	1523
788	319
1509	324
445	194
329	821
616	2018
2606	2607
1	732
108	2125
1850	1281
698	805
584	240
291	153
654	240
2749	3264
643	814
847	843
447	256
291	708
1601	1569
940	394
2249	2249
2840	2839
2340	725
3080	2665
2199	3025
2531	2533
2684	2378
699	85
1744	1059
2786	2386
3165	2437
734	751
1929	2078
1038	1769
354	2259
3046	638
274	36
2682	2682
916	595
1725	1417
2552	2478
2546	2191
2281	2198
390	355
2575	3163
1928	1790
1753	1628
483	189
390	58
992	65
184	694
1083	1196
822	125
876	65
3289	3248
364	523
769	2157
643	35
564	975
1159	1257
422	28
86	1006
483	51
184	1000
753	160
940	393
2214	976
69	355
391	189
847	520
281	144
2595	2594
2615	2616
2212	2474
1078	1600
272	285
1768	1767
144	141
699	755
276	555
373	3014
1363	1759
1061	1943
2327	3221
924	222
1096	1490
416	453
304	634
1005	1197
77	813
753	579
1710	1513
1460	1061
2896	2897
1504	1932
1354	2856
505	732
1045	1704
1532	1302
1478	1440
619	920
853	1252
1352	1539
608	597
115	569
1745	1269
862	1968
1903	2033
522	28
747	910
1500	1163
441	645
905	3040
522	106
2049	1964
699	842
2098	1276
2344	2624
1081	1950
305	236
1379	1504
130	1498
86	262
847	40
483	154
30	1788
372	107
375	630
369	651
544	14
2657	2658
1690	1528
1791	1476
144	146
780	1006
1623	1623
951	277
390	318
932	654
616	7
2119	1536
1366	2043
547	253
3267	185
566	771
262	541
3126	3126
2006	2112
601	834
108	1494
1242	1236
3052	3053
2105	3044
1390	1688
1528	1478
422	469
998	176
1481	1144
78	534
1701	324
450	896
616	549
1971	1400
0	784
2953	2956
1253	1253
2201	2201
3257	2414
1141	1248
483	253
905	687
1894	1893
847	59
963	2129
390	455
1689	1830
3036	2501
1740	1766
184	586
980	160
3110	2555
613	611
1165	2066
179	646
584	202
1406	1359
3215	2287
2680	2680
1268	2120
1386	1757
528	528
1386	1358
876	2104
416	198
2874	2972
847	43
1657	1584
1820	1669
3121	3122
3172	3304
2696	2578
34	1587
748	1761
1792	1794
