644	1589
207	125
43	760
340	227
158	1385
1050	1013
366	764
64	65
543	1162
1698	1784
1876	1874
1017	2354
641	654
154	312
1749	2510
1226	2279
186	189
122	1669
1197	8
1460	1298
286	1165
147	2350
535	1331
960	961
788	62
241	148
1231	1391
279	198
989	911
342	2334
0	1348
208	333
84	2062
1016	2618
706	700
403	496
204	1215
374	757
1645	2389
143	1492
121	1671
1182	2486
0	1610
13	121
424	1670
1154	1765
965	1902
1245	2116
233	2668
1594	1526
605	1956
827	325
84	504
114	2128
133	1203
1478	1736
336	375
214	1233
757	2049
1629	2674
1538	1537
651	1963
0	817
1711	2447
108	2075
1041	2161
30	2046
607	1447
49	398
2	1993
3	420
1217	673
355	34
972	2587
790	1835
309	829
698	2302
934	1291
524	1603
145	1830
1847	1845
1252	886
240	1028
568	463
509	1446
411	374
1710	2445
925	719
1605	1612
841	1395
438	868
421	29
1746	2470
498	1275
1116	2214
823	2243
85	586
648	1514
1827	1824
83	417
1453	1421
418	19
1686	1681
353	2016
1145	2318
1013	2239
642	302
1038	2210
50	2425
56	1444
173	615
552	1769
248	2025
242	1318
467	1682
652	737
514	335
1686	551
0	997
1412	796
118	1901
351	1934
871	1905
709	367
535	1990
1779	2500
1570	1571
11	12
572	1553
451	1092
1332	1870
3	413
55	53
355	919
1263	1262
238	913
554	1951
746	514
653	1969
60	999
70	1119
85	690
1207	547
188	2251
474	819
121	1236
1705	1702
954	953
1502	2689
371	2061
288	961
132	1056
28	852
606	1956
1104	2617
416	2177
317	1508
0	1589
1386	2280
421	2006
1426	2231
89	1486
328	2540
358	2083
236	728
217	1492
128	2410
173	711
207	181
118	427
1195	2369
114	1020
61	929
714	713
1394	929
1262	1261
825	772
576	1900
412	97
115	2002
643	1281
1872	328
68	515
1074	2060
198	1220
87	1355
1009	1458
448	1454
1548	1549
340	2268
488	1610
1706	1737
490	2148
48	109
1210	1674
702	155
320	2114
198	695
85	476
1274	2503
516	521
572	997
796	1410
0	2346
1143	2082
1218	1619
1502	1747
13	111
524	1650
1319	2649
317	316
144	2183
1084	2061
146	2305
108	733
1086	2123
276	1601
336	2090
242	968
1633	2379
242	2284
359	362
806	804
121	111
551	1688
87	2416
1052	1501
73	349
524	2376
980	2041
31	737
321	346
28	2416
350	2173
124	2289
364	2249
351	1173
240	992
354	2076
100	1409
317	859
1442	2421
374	2644
400	2591
503	757
0	880
28	1890
1479	149
161	2564
982	2315
207	1464
1066	2370
1209	2518
304	72
790	1565
1172	2406
651	652
871	430
1141	2079
426	962
1284	951
79	2087
754	1880
758	1828
97	2263
180	1924
535	609
240	1963
467	1247
353	532
1344	1692
28	1669
28	2491
16	2016
1344	1460
47	612
128	206
121	165
216	569
144	890
446	719
71	1097
1587	1617
448	1064
28	1156
446	1106
67	2243
0	2570
812	240
538	964
549	1950
512	1946
1301	2140
269	756
28	369
1191	2395
502	2179
858	692
2	5
1022	1484
889	2251
1354	1355
374	355
204	936
1138	1244
630	363
11	837
1177	1818
982	2316
28	1047
1455	2694
809	1366
55	2140
341	560
89	9
1312	2578
1170	2393
48	2590
222	220
448	2277
491	2279
897	896
68	185
60	1995
63	1334
703	760
1447	2251
55	1301
472	141
555	2047
1313	2433
822	2324
28	2490
152	2707
233	1444
0	2525
201	135
1048	828
95	1119
1737	1728
121	113
1353	1587
1042	2686
1825	2698
68	2166
73	715
84	1437
279	556
111	122
664	2142
30	2158
675	874
1010	580
104	15
919	1435
1011	1812
355	68
182	9
421	1434
2	118
1367	1818
333	2672
1699	2437
301	1932
28	2089
68	1120
1184	2404
937	2249
114	336
551	550
800	256
1755	2473
611	610
1751	2689
766	2132
621	1957
1095	2065
1155	864
271	2226
923	924
353	530
74	1506
1185	112
366	2171
685	473
376	1886
1716	1715
1770	2489
455	244
1305	2433
512	638
958	1251
53	2042
1058	1233
591	2654
97	412
31	1811
111	2413
131	2174
784	2613
124	876
686	1293
644	692
121	2092
27	1922
28	1889
535	1601
85	2558
708	833
415	2046
1661	2409
60	39
1749	2469
106	2080
511	1946
68	1769
317	478
121	1020
180	912
379	2454
732	2350
0	1217
198	537
47	1034
374	710
596	597
27	936
208	1224
30	2250
1077	1596
27	2547
688	687
150	2541
1858	2571
1205	1482
236	137
146	2194
293	2282
1398	2203
67	2076
50	2481
1275	1500
281	239
236	734
1163	2538
1053	2233
1167	1792
975	277
71	1698
295	1720
30	2134
30	2096
328	1762
587	1976
276	1931
1509	1861
48	90
207	851
1624	1623
0	1559
230	894
757	952
832	492
652	699
1298	922
529	2178
205	2390
1175	1062
333	2596
214	343
0	2368
200	198
265	497
516	1597
534	2019
1810	1812
706	1089
1631	2377
355	238
1544	1529
527	1994
537	131
577	1900
1654	2482
425	507
686	1613
809	2603
1325	1208
837	1037
619	277
304	654
0	2433
1447	2539
490	2188
1784	2504
1106	1375
71	841
266	2655
1587	1623
1171	2537
3	774
71	608
317	952
147	1356
28	2182
789	2242
14	1971
464	2297
15	1851
1577	1579
121	122
1351	2167
797	2475
466	964
131	344
27	1480
446	1165
1765	2478
50	1253
549	2631
531	2084
23	22
675	2700
403	258
156	1423
464	568
122	368
28	2147
115	2154
528	1948
675	390
794	484
1784	2506
1820	2534
745	744
67	2236
614	2334
279	1216
467	194
257	1199
201	595
476	873
490	840
1617	2569
849	1285
446	834
722	540
31	32
0	1689
251	250
1216	2100
1190	2361
1602	1604
949	2347
642	2345
355	855
107	1526
1553	2665
1073	2376
2	977
91	6
69	2141
13	207
1617	1616
618	253
48	2235
527	2551
0	2427
72	696
0	1909
168	1051
822	2143
1336	2629
173	878
122	420
207	2547
102	2140
200	728
0	1196
210	539
1217	1553
421	656
15	1396
28	1892
837	2005
1754	1575
1210	1672
222	2003
146	1439
68	1401
557	21
48	1384
226	227
28	1160
354	614
1445	2679
0	2396
607	1467
233	1227
282	2673
131	72
1190	2395
374	2217
1334	2161
374	816
593	919
505	23
179	1924
535	2364
905	2375
100	1041
596	598
838	1266
1287	2266
378	2065
330	845
623	762
317	1400
102	54
1825	1826
353	81
49	2186
294	2239
1032	2053
97	1431
1502	1754
114	876
640	2664
505	558
1559	1571
1713	295
150	1964
246	1107
1020	2121
200	735
622	2323
1571	2339
1568	1553
13	706
110	2691
1846	1857
52	1209
266	2233
121	525
150	2627
572	1246
71	390
251	1009
1349	2662
151	2664
328	369
812	652
858	2378
1839	1418
1029	174
1450	2254
223	391
143	2281
15	508
1111	1110
703	529
13	1901
424	120
926	1794
27	1099
122	1400
1072	1694
341	227
608	2108
296	2632
838	577
105	481
1582	2347
171	1939
168	169
201	645
852	1336
1622	2373
58	96
1067	1698
0	1073
187	189
719	2636
424	2123
945	1193
549	609
1614	1638
76	1646
837	708
294	1959
1104	1105
1346	1808
1793	1794
663	245
905	400
1274	2505
15	1971
268	1929
326	830
485	792
176	175
472	2679
47	1906
644	2195
945	1552
182	1974
792	790
72	609
5	541
1512	2312
902	1060
391	1285
149	2496
27	453
255	966
170	1380
121	1851
273	2158
524	922
1687	551
1112	1525
1068	2115
149	2284
464	2598
74	1939
654	1272
47	1592
435	866
315	834
0	1255
906	2666
782	783
228	785
1274	1785
784	1596
858	951
732	1591
891	892
329	545
207	2644
582	1790
1210	2414
3	432
1125	2690
1366	542
2	667
356	1935
906	2346
1469	2483
71	1889
516	1172
1845	1857
1133	1132
1190	1546
238	1385
1434	997
222	441
269	489
84	1798
91	1900
721	805
200	279
655	656
214	499
1430	2237
176	24
1142	780
421	1550
101	1014
1117	388
814	1996
72	2019
323	1789
718	629
761	2106
602	1014
46	549
1254	2678
117	409
64	2012
475	741
48	2217
370	1156
28	370
136	650
526	2457
1289	1789
54	1301
557	1553
196	2412
345	2707
494	1942
28	2545
249	1968
1503	1748
1166	2527
579	1955
1329	1217
1130	952
305	2021
28	1917
1872	1871
780	2364
1064	1241
28	820
114	2090
904	773
1503	2657
681	2665
1189	2319
241	2690
1662	1664
643	1489
798	1378
0	1637
24	183
71	2599
608	1235
1841	2589
1636	2676
708	2073
474	278
95	1003
1027	365
812	694
47	2252
1659	2407
577	1180
45	2476
1649	2398
1055	546
1509	1569
222	1471
468	726
1786	2508
121	1362
290	2399
209	371
405	1291
552	1069
1718	1717
1309	931
1142	1552
384	1072
335	1933
785	191
183	1457
67	718
33	620
1490	2288
1613	1617
379	709
1252	1843
91	785
260	818
1200	2126
1783	2504
1112	1524
617	253
214	212
483	495
333	2575
566	1084
652	1963
72	184
48	899
49	1961
108	2150
0	2681
467	1687
2	116
1148	2486
0	1625
749	2597
317	1130
512	1328
238	1396
725	726
65	1531
728	224
1391	2197
267	1929
936	1069
1105	2617
173	2076
1364	2521
138	1599
207	2134
1726	2452
340	863
283	2172
1827	2697
234	1445
509	1440
771	532
1020	2199
407	2317
300	1479
2	9
241	795
384	2219
348	1514
751	2543
519	1967
536	1401
85	1437
496	363
108	2039
25	1993
809	2336
770	1988
630	496
139	1464
62	2611
922	423
2	424
672	109
379	1975
15	1278
521	2613
757	316
1827	2698
642	953
820	1362
976	2701
637	539
1703	2441
236	1944
831	1348
48	2174
786	2490
333	2224
914	1346
119	865
1686	1682
65	64
1143	738
72	2133
1380	2573
327	1801
1563	2488
28	2040
465	939
1031	1486
204	555
0	950
1629	1628
724	2196
707	764
446	509
1706	1732
632	1499
286	1979
582	1500
1206	1482
795	1776
552	1472
1246	2150
333	1445
484	791
1502	1753
1509	2307
1090	2429
1058	1089
710	2217
1014	1015
1094	1098
526	1705
1252	1870
379	545
491	832
1771	2489
491	840
1124	2690
438	166
1576	1579
731	598
732	2423
525	1947
71	1485
144	1405
85	1850
1579	1577
755	854
1262	1809
208	313
80	42
71	963
530	1374
325	2628
1463	993
41	42
1306	2144
539	724
1058	57
0	1530
760	1987
1491	2288
230	2034
274	2602
1568	1341
1337	968
263	262
15	1695
1686	2424
87	120
28	1397
0	2610
1325	697
122	1160
333	58
0	311
709	2685
279	838
1584	2666
1156	1128
49	2008
15	1567
1712	1726
1162	2698
379	1954
233	1452
258	2028
273	2236
1252	2517
1047	2083
1257	1256
0	1298
1850	2560
1062	2477
164	162
608	164
1223	2102
78	1898
240	189
15	457
1452	724
1707	2443
79	1406
459	600
2	432
1380	2581
285	1521
57	2023
1688	2428
68	553
31	2570
328	117
1274	1787
640	2476
968	1337
627	236
13	240
72	344
715	184
1277	2617
72	1388
119	172
771	2017
479	1101
887	1805
71	289
907	2023
1040	46
1578	1815
257	966
1230	1391
1780	2506
186	1653
1588	1582
535	588
1232	2107
27	1527
93	170
71	2308
552	1056
2	1398
317	797
1724	2451
1065	2142
771	531
1757	1755
995	994
301	1126
140	153
772	354
2	1851
482	244
1756	1755
432	846
131	2658
15	1395
636	1960
732	1980
2	434
976	2474
503	1510
388	1432
397	1419
1350	1862
796	2654
430	1192
848	2434
12	2005
228	662
145	2012
1039	823
87	1675
87	977
44	2063
374	1164
406	226
325	324
543	2291
479	1356
218	2322
1217	13
72	533
991	1740
48	2186
241	149
1554	1810
0	790
285	1100
1326	2633
1845	1848
71	509
54	102
97	2383
73	2281
1217	0
259	2081
1117	2262
608	1680
85	952
1516	2313
121	2032
56	233
719	1923
355	258
820	1563
801	1879
13	1109
226	6
353	1214
1024	1026
659	1260
0	643
74	1328
173	2669
1706	1714
1401	1515
1656	1182
486	804
351	1281
701	523
121	1185
555	2126
1166	2406
540	723
648	1215
657	1604
464	1803
543	2696
117	258
1750	1753
0	1748
1315	1316
738	1212
0	906
196	1152
2	113
708	707
161	1856
84	1954
317	910
91	388
1168	1828
1418	2225
53	2245
1262	2705
121	507
925	2305
992	2046
67	156
330	703
1252	2507
107	1922
1503	487
750	872
78	2434
1145	2083
429	409
690	2033
270	2226
1787	2508
188	1441
333	845
87	260
794	195
656	421
173	2098
0	905
493	546
44	2050
136	1932
1189	1440
122	1450
87	27
50	2584
102	885
808	1995
1757	2472
914	1330
52	1815
12	1915
448	71
998	2048
1368	2469
1332	1666
1072	2503
186	1752
822	2380
222	1093
963	2044
1826	1829
286	2439
911	988
1783	1784
681	431
79	1419
121	2127
1756	1757
787	62
341	2041
779	2360
79	453
988	724
1563	2578
287	290
242	149
1006	1225
221	88
698	1972
1731	2687
1063	696
1286	2130
126	1020
282	2071
747	2401
171	533
337	2218
1698	2436
28	2078
2	2090
115	1126
114	413
443	222
422	699
2	1033
227	2228
1252	1816
1402	1336
490	2091
4	2137
549	2601
236	1082
409	650
576	577
81	99
69	1898
2	427
379	2009
0	1639
3	427
675	2615
133	2113
1017	647
1262	1260
317	2114
16	57
105	1907
20	2682
264	336
495	899
27	1529
1136	1808
54	885
269	270
52	2507
122	2059
269	1941
4	846
8	1237
62	908
148	2284
355	920
1422	1886
240	812
1005	1080
1164	2291
512	1983
192	91
208	881
176	663
1502	1750
140	740
955	529
557	1175
136	433
13	830
927	1041
513	2631
274	1601
56	2255
279	1137
328	2149
379	1781
1832	2543
271	1941
187	1956
0	2402
1344	1502
826	2003
375	167
390	874
1729	1738
72	584
1096	2668
1294	1646
887	1485
1147	1051
501	2212
297	298
71	2298
192	900
535	780
1190	983
419	2624
191	900
796	469
274	654
27	339
1572	2341
115	334
1556	1509
130	2053
876	1630
3	1211
367	1975
2	2203
1058	2412
503	926
374	217
65	1466
83	2086
13	1361
448	2110
779	1601
589	2243
173	129
906	2336
549	2502
729	2328
83	916
1531	1704
642	2347
882	2603
543	2698
527	627
0	2639
84	475
328	1389
284	1165
307	1991
28	162
1712	1738
559	2182
1042	2457
1207	2282
87	1160
1488	2288
194	2424
2	1901
331	845
1069	1769
98	97
1783	2691
43	891
87	2413
63	2070
0	1571
878	1219
92	1921
1028	1461
813	1360
543	1279
85	509
991	1738
1562	1622
348	2134
651	992
13	1020
643	1490
464	2390
121	414
18	418
915	1187
28	2145
0	2342
333	1549
793	794
1217	2195
62	788
361	362
0	1199
118	667
1444	1797
492	840
464	470
104	2384
74	715
1467	607
84	520
724	1437
59	1238
1252	1265
68	2509
158	2062
657	1650
1415	2218
1174	2150
47	312
321	1507
569	601
815	723
0	1054
474	1132
71	874
536	1516
401	2008
839	917
28	1097
87	514
1158	1423
224	527
291	1330
652	992
728	2074
121	434
630	2221
47	1598
652	2396
1541	1540
1142	1193
1275	2122
37	61
11	2112
1071	868
240	1250
240	2396
395	1961
296	1710
226	406
517	702
91	901
1486	2283
1217	1329
429	2351
976	2483
1712	2464
2	2002
1350	1349
277	2093
1628	2674
1012	1015
822	2681
148	149
0	2233
1366	2447
28	1908
169	1456
154	1269
1083	1595
233	2609
1852	2557
333	2671
228	222
627	224
195	484
71	1893
85	2561
121	1276
1053	1563
186	1860
503	2049
808	891
293	237
121	2386
809	1569
1420	2633
831	1349
154	2165
28	2562
84	1848
187	1441
64	1043
758	1767
0	827
662	660
977	114
543	1112
665	831
121	1675
306	1283
724	540
130	2261
926	1375
669	737
278	384
1116	2071
676	677
1584	1583
28	544
453	2700
557	1173
30	1991
71	806
1364	147
1782	110
16	42
121	420
0	1305
0	445
696	1506
464	462
582	2484
1654	2401
328	1156
1815	1813
0	2479
836	671
121	667
1399	53
335	2019
566	2553
279	1232
1852	2565
1067	1000
317	1481
65	915
894	2582
815	1996
150	84
1870	2585
222	1240
44	74
1108	2359
1610	1618
71	2061
124	2128
470	1191
1364	1446
154	2252
44	612
809	1329
578	970
286	1704
214	613
44	2062
511	913
1604	1603
796	797
1337	1891
70	2497
328	2138
208	207
122	525
220	2034
62	930
105	1299
68	2313
46	766
279	662
1706	2465
277	1319
189	1653
282	283
1180	1328
135	2385
583	737
333	2670
827	2628
1053	1652
911	991
37	998
458	2008
15	860
85	2588
376	2094
2	1185
122	113
446	910
251	1458
1238	360
60	61
906	2129
589	593
0	1557
15	106
1033	368
861	2084
13	431
132	1516
84	2145
165	1986
85	685
589	920
254	255
348	1357
127	1400
1698	1783
535	639
139	2646
583	2612
1522	1521
15	602
542	32
355	701
422	2036
703	861
424	1398
61	743
235	288
1310	2149
64	1372
702	259
240	422
756	270
1236	2614
870	865
474	1695
707	1511
31	1753
577	576
1582	2677
379	981
111	121
1322	772
521	784
52	1854
557	1632
446	1979
461	1983
187	2299
247	298
786	1657
33	2541
1726	1727
161	164
1034	1404
643	1626
411	34
686	1195
13	1321
953	423
71	2491
161	162
424	2069
15	104
201	203
100	1002
1844	2555
160	51
1667	1668
74	1180
236	2026
211	2404
279	191
399	2591
793	2242
1207	1064
1029	972
401	402
323	801
8	598
213	216
1562	1589
121	432
0	2324
981	2042
0	2606
1151	2241
188	2665
991	989
1039	2054
169	1378
0	1010
337	338
1144	2082
1	950
219	227
1857	2567
708	2202
119	1225
222	440
843	1413
666	1065
241	2284
617	1438
351	2348
317	719
48	918
0	524
465	1357
2	650
188	1754
1241	1290
838	2499
1088	2105
274	680
353	1374
28	1268
102	1301
50	1579
978	148
724	2609
702	2200
914	1187
1566	1641
445	1642
126	127
573	1649
0	2059
0	2353
361	2087
833	2663
242	84
742	2008
1093	1094
354	138
0	1341
822	2606
385	2323
1524	1525
1533	1745
164	1856
609	715
323	2275
1317	2620
1669	1160
1762	2474
328	1996
1448	2252
15	2595
1756	2472
16	80
0	1502
97	98
50	1843
403	1370
1422	2583
1320	1392
373	393
236	228
137	1923
72	1999
625	1279
467	550
1761	2474
1200	13
27	151
822	1610
986	985
0	1329
121	298
26	560
2	2032
254	813
1435	919
1559	1865
830	1620
333	96
452	775
809	2606
1664	2684
0	1175
67	613
1342	1140
815	2422
910	988
396	2075
926	1106
328	688
831	2353
644	1586
305	696
1059	2114
1328	1180
437	2626
178	512
123	127
117	2254
786	8
1702	1725
341	863
780	1990
102	1045
84	83
49	1221
121	127
154	2000
117	2562
204	1935
414	115
989	1738
1845	2568
72	715
1703	1727
284	1830
490	492
328	814
498	605
136	1879
317	757
599	2296
1601	2364
539	540
537	1998
377	2005
545	1949
84	2505
809	2306
1728	1727
566	289
328	1889
486	1625
1526	1594
122	2317
1096	1443
948	77
71	1885
838	2604
1340	1339
730	649
2	167
883	817
0	2292
259	522
1587	1624
318	2043
149	1124
75	711
435	2637
193	1926
371	370
341	231
479	1379
1141	1595
1229	471
793	484
353	531
240	1913
393	372
168	799
764	1023
464	1912
663	1881
84	1388
1023	1026
0	1135
72	382
0	2657
582	23
47	393
1713	1720
1569	2338
1635	2381
136	301
1534	1533
1611	2377
1514	1517
2	414
131	584
13	1391
1287	1603
1132	1695
28	1128
643	713
534	834
644	1634
1712	1706
1316	2151
222	2193
1585	2372
650	1879
706	517
71	1909
1215	2156
565	2446
1240	1098
498	2667
54	55
509	2588
328	164
68	2417
464	1191
28	389
1542	2328
930	931
329	872
90	1471
287	292
1651	1652
2	2212
1026	2202
33	2161
380	1004
462	1802
1112	538
594	129
121	2006
384	1785
66	711
502	1945
627	620
52	1843
516	5
1540	1533
992	1461
224	220
27	1179
18	17
504	678
357	1935
1374	530
1056	1472
1134	2524
153	1423
169	2641
488	1940
1344	2426
166	866
906	1565
209	1928
121	2203
1835	1836
508	2598
473	859
1726	1728
562	561
379	2290
121	240
936	2267
1533	1534
118	2637
0	580
413	2344
122	977
72	77
923	1914
64	2454
521	1356
107	1081
1309	2191
771	2349
293	292
716	184
28	2621
657	2680
155	2187
1252	2528
28	1544
67	2653
921	2255
121	2289
336	2032
570	1953
2	2137
1848	1845
1010	605
443	1093
67	1464
107	1594
1402	2629
1261	1262
341	219
149	1476
728	527
1110	1111
310	2014
535	72
236	109
42	35
509	618
272	1930
18	1001
74	44
18	80
140	1992
3	2065
205	568
833	366
1781	2504
0	2122
1308	2147
47	2151
604	1956
279	192
612	74
2	705
228	109
49	638
1040	2132
1013	914
7	514
101	1049
50	2421
28	1477
158	1043
1842	1418
497	2003
1845	1846
424	126
1545	2330
71	501
1263	2705
250	1968
22	2682
657	1608
42	2645
1780	2691
549	1781
135	433
1085	1733
66	1906
31	1943
549	2658
208	9
717	2574
54	2205
917	1914
516	1596
590	658
0	42
15	727
270	489
1700	2438
1042	2070
331	330
1532	1085
1403	1183
1291	934
1342	2479
5	1400
207	1150
857	692
750	1271
1181	2148
730	2156
297	2209
297	477
27	2293
43	60
236	224
1784	110
1110	2066
160	2540
1735	1731
222	859
211	2486
150	33
472	1805
416	2382
1298	1480
1042	2458
403	2101
33	2176
40	2659
646	1962
131	1203
68	1069
122	2416
121	1933
464	2034
562	391
28	2138
348	2167
631	2155
71	2007
1815	50
884	1577
99	97
1712	2460
1540	1543
511	701
701	154
833	1057
270	756
1326	2157
89	1459
503	2305
728	2551
786	385
1253	1843
638	1961
68	2487
1240	231
1191	1229
294	2068
111	29
3	122
231	2228
178	1135
1028	1969
234	288
47	2227
402	1999
809	1305
794	2242
922	1581
840	2279
352	2348
228	728
1197	2553
121	29
1897	2707
765	365
708	1828
1590	2346
966	1199
1598	2360
509	1439
1736	1738
122	881
236	226
388	2041
515	2351
328	2474
908	2023
71	2693
381	2615
529	2016
0	1570
182	1408
1863	2576
87	1920
866	868
882	1564
374	1459
1121	827
47	1036
443	1094
1183	1184
1183	2486
467	1688
248	2254
452	2246
1764	2477
1865	1210
653	992
408	916
62	37
984	2455
351	352
342	1423
904	2688
0	1212
593	1435
1345	2285
374	897
763	832
31	2525
979	629
52	2119
173	613
905	2147
91	577
539	722
1015	2618
0	2117
2	126
1729	2464
854	156
279	785
28	972
1146	1468
164	1855
464	463
251	1411
1620	830
879	2603
1796	1795
516	2049
225	734
1202	584
498	1217
30	1921
526	1739
1758	1550
214	1526
48	1406
50	1816
147	2264
517	1234
67	499
1213	601
641	2191
467	551
612	1492
643	1052
825	173
0	2401
187	1196
1808	1346
208	201
304	537
384	15
684	2010
336	165
1187	1188
1589	2372
1706	2459
1536	1533
654	1414
408	943
47	2651
1039	518
771	81
1312	2149
1185	2092
355	141
0	1434
852	968
200	91
978	1124
543	1521
26	109
168	2641
279	2646
1769	2487
380	1949
120	2254
1231	1821
184	2664
115	165
102	2286
589	1370
691	1359
649	1215
84	741
355	511
404	402
71	2615
1435	920
72	695
701	155
672	1291
905	2222
71	1770
639	2164
1716	2686
0	1862
795	1778
91	2111
852	1061
838	141
1741	150
1012	2068
1293	1195
42	2211
295	2450
1697	2436
68	533
27	454
278	1818
72	1998
736	1254
313	312
504	677
374	398
15	238
982	1170
173	1017
351	1491
711	2107
1195	1790
782	2574
1775	2495
879	882
407	774
572	2374
31	2469
407	1801
326	1616
1575	2342
467	2424
1368	1324
71	887
1462	2268
810	1238
1396	1891
297	2316
227	231
796	2271
821	1362
49	2039
328	1760
1424	2229
333	1063
656	2368
906	643
392	1075
1258	2120
379	873
798	168
1286	668
224	2034
1149	2085
752	2213
62	787
69	1119
327	313
91	1904
207	2087
441	1910
767	2436
440	473
657	2616
27	1693
1236	1020
1207	1782
60	37
13	1362
1270	2301
1010	1619
111	113
72	1693
1190	2704
328	608
1101	1481
557	2079
275	276
1723	1731
28	841
1038	2645
535	946
80	1374
226	219
1726	2462
1042	1704
59	929
1054	2233
988	911
286	1372
548	258
328	563
568	1802
1129	2552
426	2308
205	515
0	498
1085	2448
47	2000
589	518
700	866
1839	1842
502	861
100	1478
39	37
1567	2681
328	162
148	1476
0	1350
1600	2364
1333	1666
1728	2462
586	397
778	2240
71	1165
100	1984
822	1560
121	424
930	929
552	936
1272	1414
42	2099
737	1212
897	2638
64	2325
52	1253
119	525
104	1247
1181	2091
998	999
1252	2425
573	1217
562	1904
1712	2461
579	832
27	2041
664	831
1256	383
84	210
568	2390
924	923
131	2019
1300	972
626	1279
0	1366
1070	1358
27	639
923	1106
27	152
72	2648
173	138
266	2702
201	2253
332	19
1662	2684
1257	383
736	1458
97	1327
52	1577
796	843
1405	1188
28	2693
1090	2522
878	78
1274	1485
205	2417
779	1599
1288	2131
485	794
1008	1458
415	2292
240	651
1730	2456
52	2425
1502	2657
838	2175
1304	2143
470	2395
744	743
585	1592
991	1720
71	804
295	1712
102	778
182	912
1358	1763
71	2429
280	506
589	919
1209	1578
863	560
490	2279
64	1003
1212	738
759	1987
644	2374
446	447
379	697
582	1175
1318	149
1783	2692
89	1030
1737	2459
1578	2507
122	2169
1348	1349
1872	1876
379	1207
900	191
760	1995
169	2467
370	371
327	455
84	2118
87	2357
71	2502
84	1939
119	434
504	1159
165	2209
84	969
182	2221
643	2373
922	1588
838	432
869	868
214	2653
1621	830
355	1935
1702	1740
1738	991
58	810
1663	2411
236	406
1029	2550
72	131
269	1930
357	204
1187	2093
177	638
985	2045
313	2640
1168	1528
617	618
52	1677
144	678
1409	2215
469	1413
0	240
448	1005
1317	2667
869	166
543	64
720	805
63	1003
162	1856
0	2666
708	1057
1053	498
0	2695
28	2357
993	2146
825	137
564	2184
329	1009
85	33
222	229
1366	1711
1113	2067
258	27
15	2181
354	1063
87	122
736	174
407	417
140	2158
163	1856
466	538
0	2524
286	65
1253	2481
527	710
450	1007
246	2205
407	916
465	2167
464	2625
196	1034
260	261
898	1505
1562	858
408	1799
1218	1217
510	2613
14	1942
30	1203
894	2104
573	1297
545	2115
594	578
990	987
1498	2370
1761	976
801	1994
497	1944
190	2526
755	152
72	2164
15	1477
822	2702
208	2703
822	712
266	882
1774	909
424	865
1749	2468
602	1247
569	2004
1874	2586
1217	2400
845	2084
326	1621
1154	1196
546	1949
487	1940
234	2401
779	1990
655	1371
171	398
503	36
13	350
355	1435
131	733
428	1408
536	515
1396	1886
131	2648
535	1600
44	1918
291	1959
1410	1413
50	1442
1344	2292
784	1356
15	246
308	1290
928	1344
422	1371
1217	1562
997	1434
71	2586
87	1669
1007	1458
113	2317
251	1126
1085	1533
1452	2255
54	2119
371	1234
714	1052
40	37
340	980
509	1967
844	330
1356	2305
3	1169
330	529
1029	2519
685	859
1207	2194
1528	1827
43	1214
698	2261
379	1197
681	2398
1263	659
498	2620
1562	1652
686	1766
76	77
1522	1827
434	1122
1292	2133
21	22
1058	817
417	1799
121	2123
0	1696
857	1612
177	512
1336	1402
517	47
744	2024
0	1304
384	2675
1518	1511
817	1997
15	1785
327	244
294	235
150	2176
421	2028
28	2198
840	491
925	924
208	1646
28	814
118	2254
1025	365
65	1704
28	2258
1274	2561
825	881
39	61
1207	2691
642	922
778	1045
654	2191
233	1096
385	44
198	304
340	219
479	1481
295	1721
1227	1198
756	272
240	653
1297	2399
1210	2118
987	911
131	1480
385	2278
266	2606
1777	2284
102	1399
1603	1604
121	2413
894	431
139	632
1421	1453
67	1331
403	1131
409	417
1183	1182
551	1878
470	471
1584	2345
1834	2542
1207	1278
809	2233
439	977
1344	1754
437	1859
527	94
381	390
855	2097
957	1251
0	487
725	468
411	913
1066	2376
198	1527
287	1473
374	896
535	2362
509	2598
453	454
635	634
62	1496
65	100
122	851
70	1120
1428	730
71	2116
149	2192
101	2618
480	1907
376	278
1217	1200
57	1299
1124	2496
1729	2459
708	1026
1350	2662
25	1916
150	1470
158	2077
707	2310
186	906
1483	1363
992	1561
1467	2539
1555	1129
0	1558
0	1344
450	1363
723	540
98	1431
386	413
1161	1172
526	1042
58	1244
700	2081
65	1002
947	2038
0	186
89	182
503	923
1567	1638
1161	516
1068	2502
760	2647
240	656
89	1031
68	2351
968	1061
314	1525
1841	2587
236	2482
1088	2530
220	2104
90	1592
140	1264
258	2248
438	1417
289	1981
1053	790
298	2652
379	847
47	614
703	2596
1578	1816
296	2597
1199	1173
72	1120
807	1995
67	1158
84	243
1162	1828
472	582
121	9
800	254
755	2335
355	2260
500	1123
1778	1476
1315	2151
424	247
147	618
799	2270
1318	1777
258	29
47	373
1243	2342
121	247
1038	2054
139	812
188	1653
385	1958
71	468
567	885
0	1574
1151	1433
1831	2701
1134	1790
429	125
1713	2461
119	2047
165	1398
152	1369
1632	1766
148	978
48	1135
379	1009
890	677
114	2015
294	1341
569	1213
379	1698
1501	2470
1252	1577
234	658
524	1604
668	1286
653	699
13	2117
295	1709
763	2011
2	525
71	2361
907	908
367	2100
52	50
1084	371
90	94
188	189
464	205
825	182
200	2111
845	2179
613	2000
234	292
1562	1651
619	1347
0	1053
675	381
0	1144
517	2412
23	2018
39	2099
657	1752
279	236
314	447
858	1634
177	237
71	2700
181	1924
651	653
1456	2641
54	2040
200	980
617	509
71	483
240	1561
766	202
121	120
1510	2309
559	2207
1429	679
480	481
848	1131
1090	2273
1677	2421
84	2561
915	1188
504	2183
1138	937
696	875
1029	1267
1053	1
328	2358
1357	348
776	1228
66	828
773	1051
121	207
73	1515
49	1492
87	118
71	814
152	345
310	1468
1022	2103
52	2517
8	2544
498	1066
252	1009
856	2010
198	72
99	98
1204	1717
284	1372
1393	1711
1021	1484
652	2036
975	1050
313	90
784	521
581	2299
1553	2400
652	653
64	1466
922	2347
121	1408
1300	2587
84	1362
949	1284
176	1148
989	991
1230	2197
80	1214
2	2317
549	7
831	1350
171	2273
208	182
32	542
524	1608
233	1891
274	1931
322	346
1364	450
1022	1503
76	1120
1066	2559
1217	802
205	1191
182	630
4	541
1313	1074
1159	2089
1740	150
298	864
657	1603
1759	2471
509	617
2	1933
112	1361
936	2487
652	696
1041	299
121	2121
1555	2579
1465	1425
663	1044
424	1276
758	1829
977	126
1042	843
111	2006
974	2605
1263	1260
1871	328
411	2278
1717	1719
119	1122
59	810
124	1901
896	2020
576	1179
1218	2398
1592	2352
1849	2556
1218	0
286	1163
201	2144
572	557
233	2255
146	520
335	1938
295	1740
982	2292
102	2205
510	784
54	106
28	2591
117	1450
552	2267
1542	1543
1662	1663
0	2380
880	1610
505	2122
121	1450
630	403
1252	1814
19	844
923	1375
562	1285
549	2608
103	2350
41	2075
121	2177
637	1482
72	912
1036	1034
331	844
543	1077
517	107
861	2179
1712	2465
147	520
222	2649
1713	1712
1047	2056
1768	2531
189	2616
1572	669
464	1802
492	2279
669	2340
72	1203
508	450
337	1435
27	2544
1222	2102
74	1900
1602	1603
0	2374
1070	1763
41	930
368	307
15	1795
302	1932
28	1529
352	1643
1061	1337
14	494
205	463
340	2208
392	2208
28	608
704	1291
46	1089
131	2608
89	2334
1091	179
1157	2088
279	1240
1498	1641
0	1287
333	2419
297	1155
1729	1714
11	1915
328	1854
328	1795
1044	245
1864	1210
423	922
1502	1746
1599	2360
117	209
144	142
784	1101
712	1052
1153	1196
101	1015
413	1387
0	2248
862	2084
214	2331
1501	2657
30	2673
815	2196
1605	2365
44	158
464	2290
384	2055
221	2228
675	2599
0	1619
527	801
1215	649
654	2602
222	94
1608	2371
315	1119
13	524
270	1930
1866	1867
366	833
410	417
121	2382
50	1813
905	399
1201	760
95	2039
829	309
79	471
652	694
760	2659
933	2230
176	1819
676	1451
72	2301
1869	2580
231	1075
375	2032
909	2023
1247	2168
1390	885
50	884
661	153
295	1739
371	851
0	1754
394	2004
84	1444
1040	766
0	1602
1542	2458
19	2624
121	2069
921	2030
610	611
401	715
205	2034
1296	367
0	1314
556	1887
279	200
529	2596
1515	2313
15	2384
1806	2520
327	2661
1031	1030
1209	886
121	1640
274	1990
430	2029
318	319
45	2281
1706	2461
0	571
625	2536
1275	1766
757	503
635	1960
351	2031
1146	2269
949	1583
642	1583
809	2401
198	696
942	2037
2	846
1188	2093
1351	348
666	831
1252	2584
1293	1920
241	2592
1784	1783
1038	2642
555	996
28	2518
557	1196
72	2355
48	670
1529	843
637	1364
122	135
624	1279
222	2217
838	2107
1087	2530
513	2608
1648	2392
1274	2691
170	2573
1502	1575
68	971
485	2220
625	543
138	1552
483	1220
1397	763
792	195
436	247
1562	1638
1580	1577
1706	1742
28	2135
642	1586
770	768
1066	1641
387	1592
1596	1597
1168	1826
1410	796
765	1023
13	326
678	1451
1451	676
69	2497
837	12
336	1933
122	262
1589	2365
273	1273
1468	603
0	2336
224	2498
1267	2240
72	181
352	1934
464	1343
1099	137
401	2356
1382	2187
420	2025
49	2077
221	1904
364	430
377	1936
511	355
1632	2400
301	1789
1819	2533
129	2158
980	388
635	2106
1846	1847
482	1471
567	1495
139	616
656	1461
613	615
879	889
182	1924
54	1495
68	740
1344	1689
1845	1847
642	1582
474	1694
796	217
250	1009
576	2430
1207	2692
407	410
134	1992
918	2235
142	1405
50	1815
10	666
1127	1774
470	2297
416	1671
299	1334
121	123
67	140
1217	2337
1050	2068
304	2602
884	1576
379	1271
271	489
447	2303
154	895
109	1432
957	958
809	2338
745	2024
257	2248
1838	2549
87	1859
1274	739
214	1594
74	2141
1706	2442
1872	1873
574	398
767	2247
333	2420
0	712
922	2666
230	2104
906	1490
200	226
1469	1909
781	2168
148	795
87	111
949	951
83	1443
136	135
1031	151
1135	638
15	2545
173	689
87	2177
1378	2270
41	2301
1057	1026
331	861
236	897
683	1970
251	1228
233	921
720	1505
1506	2302
668	2130
1082	1081
28	1875
340	341
1475	2501
710	94
773	904
1749	1750
71	688
122	868
808	60
878	536
71	1940
173	2054
45	534
1786	1785
1072	2058
405	980
47	1224
490	2633
0	1617
102	53
28	1395
1783	110
28	1389
87	1122
932	835
298	1155
786	2405
44	1090
426	1993
236	341
474	539
136	2386
717	1812
504	890
146	1363
364	2029
0	1835
100	796
1606	2372
1349	2353
1111	2066
717	1810
71	2428
1263	1261
1545	684
1436	2484
1102	198
175	1044
203	59
1433	2241
1773	2494
941	2300
327	2035
13	2095
202	828
1085	1535
1134	2251
693	267
1855	2564
1658	1809
543	624
17	418
1217	524
382	1433
381	874
657	2394
30	1517
857	1628
0	583
838	846
175	2706
0	822
1669	2416
83	1508
1845	2567
858	2675
498	1790
632	1974
949	1581
28	2516
62	931
128	818
524	1640
1675	2413
95	1961
1005	1225
198	939
839	2406
582	1275
1823	2535
838	576
821	1672
657	1640
78	2081
841	260
122	127
254	256
27	825
0	281
484	2242
1873	1876
121	2238
82	2221
271	1930
1591	2350
286	1100
190	1937
1474	1982
73	344
402	1854
669	2341
347	2180
240	1969
1114	1484
1307	2145
182	632
1574	2492
479	2515
28	2153
1744	2463
1826	1528
138	1142
1444	1443
1336	968
1172	1794
144	504
922	1582
229	220
31	1570
1431	1327
266	571
28	1859
109	406
511	1385
824	2243
577	1976
193	1295
712	2402
104	969
1445	2542
153	662
991	911
1389	370
509	1438
1022	802
778	1883
853	1137
285	65
150	1817
194	1687
31	542
1847	1857
1425	2230
42	810
391	1075
176	2511
109	229
1606	2365
603	602
1103	2333
1854	2565
589	2218
543	1357
71	409
809	883
1666	1883
47	2330
564	1952
174	778
165	2025
538	2434
77	1898
207	1647
1162	1518
121	650
1081	1916
27	824
1771	1770
1513	1515
1261	1260
279	1944
1017	2669
1384	2190
1161	2634
1589	1627
689	2027
282	1244
78	515
1302	1123
0	642
486	487
28	164
142	2093
595	1431
146	1379
340	231
255	2170
28	1895
490	1181
1714	1712
838	720
379	2435
559	1397
500	674
337	2098
198	131
1278	2125
1702	1720
0	738
71	381
338	339
1335	2162
46	202
464	2593
660	662
5	262
729	1543
453	1065
47	151
1493	719
1556	1569
153	2216
1290	1551
1546	470
1525	1524
652	1028
79	1877
1194	2095
1487	2287
27	854
336	2015
794	791
857	1625
1732	1742
261	2238
1277	1105
14	2561
237	2483
47	2020
675	1150
385	1990
1770	1771
1129	2577
52	1576
1676	1673
328	1680
1611	1627
64	915
96	1514
823	2600
186	2394
1555	2397
333	2052
275	1931
291	2159
677	1451
99	2250
28	1109
404	2008
1344	2427
0	2655
236	1099
753	1986
291	292
83	586
134	2103
198	534
371	1084
435	4
24	1457
1196	2299
817	2523
3	478
347	1351
1772	2493
1195	1427
182	403
817	1314
1469	686
0	1560
1511	2310
198	344
484	794
1267	52
222	1910
1200	57
462	463
385	1697
807	60
790	195
1854	2564
1690	1692
708	1023
430	2249
669	486
0	1654
1712	1713
976	1760
1074	2433
716	1416
1108	779
15	2319
669	31
333	2185
1712	2451
829	2139
79	874
589	1435
651	812
271	756
465	338
87	1908
498	351
366	1023
166	2656
236	219
472	2260
28	1996
122	409
266	1747
1253	2554
1111	2546
158	640
779	2664
30	92
0	1028
0	2426
1210	1865
21	2018
173	374
54	2140
395	670
532	2349
488	2570
1665	1045
28	2246
295	2456
380	546
435	172
379	367
71	1446
498	1317
438	1007
1244	2673
498	582
28	1894
298	2613
763	492
1712	1729
1815	1265
379	329
1139	98
984	296
877	1634
50	1265
484	792
28	358
1012	1049
1825	1828
200	225
121	1109
295	1710
922	2031
182	1370
146	1101
173	1419
761	635
1725	1721
121	846
336	744
543	1827
540	722
1780	2502
1200	2412
495	1219
322	1954
131	2631
285	2325
411	1938
140	2249
52	884
1037	708
91	2043
728	627
1026	1057
199	202
686	2480
1245	2274
642	1581
30	2227
484	2282
135	2275
1672	1673
513	335
114	5
535	2363
407	1947
763	1420
788	1496
816	1997
279	225
656	1371
45	141
312	1906
1085	1536
79	454
52	2518
1096	1437
1156	1389
1239	2109
46	2412
1330	2159
524	2398
328	2545
208	1294
1246	876
1700	295
1320	1346
507	1019
1257	2511
429	126
15	1978
1182	1656
189	1441
355	357
216	213
0	2195
999	2048
152	156
392	2003
28	2177
43	1127
44	1003
1235	2108
71	2055
526	2455
173	217
100	64
200	228
482	2074
0	2378
216	575
333	2178
115	2413
1078	2165
421	1371
1050	1884
1252	1209
1087	1088
888	2017
521	2305
61	930
89	1989
758	1528
1684	1685
3	525
557	1154
301	478
1522	1767
255	1902
577	1179
945	946
411	2509
47	1599
144	1544
165	2199
28	2485
286	1521
571	2342
1645	2387
729	2329
1255	2336
374	397
909	1773
200	405
257	1360
139	2418
54	2519
998	2265
240	2036
843	469
240	1461
511	590
1259	1678
822	1569
1115	2235
186	1441
745	2047
531	2016
207	460
577	2499
0	1692
1242	2179
511	658
47	2076
1037	366
1700	2452
758	1826
325	2619
28	1893
409	335
182	1499
634	1960
737	738
122	1994
388	2262
1489	2288
102	2518
84	961
758	1518
257	1902
594	2643
1200	2624
1555	2552
0	1563
328	1888
169	2124
314	1524
768	1988
102	2257
87	1185
1521	1830
14	2583
360	362
816	2004
1679	1446
266	2603
975	619
1082	2582
187	1250
809	2702
76	74
174	2518
1785	2508
85	1271
869	2656
784	1597
1259	232
1607	2367
1085	1539
453	2599
348	1351
198	1693
42	1316
15	1247
192	191
323	324
72	1151
880	488
160	646
46	2022
820	368
87	4
1154	2478
132	1203
1136	914
809	1654
351	1066
1746	1750
205	1802
1722	1731
1349	1862
173	2354
613	614
471	1191
49	2590
1024	2171
1855	1853
390	382
353	2349
28	2391
822	1790
1520	2319
2	1178
1040	202
1756	2473
294	1981
123	2244
662	2152
1145	1047
1551	2333
48	1946
57	481
642	423
1712	1714
1479	2686
486	2695
0	653
365	765
827	2529
52	1980
936	1769
582	1062
347	348
179	523
1797	1443
347	1357
758	1511
159	2259
241	242
207	453
758	2536
52	2481
76	2304
149	1318
84	1122
55	885
130	343
1064	71
422	421
84	1938
78	74
976	369
189	311
475	33
408	1801
772	1464
887	1187
1365	2622
0	1612
852	2629
129	2166
408	417
1732	2459
759	430
1720	2450
84	2506
1287	2131
1832	1888
52	1267
817	311
594	2098
59	930
1791	2513
48	710
497	265
332	845
850	2320
1096	2609
976	1762
1035	1404
1300	2550
0	2469
889	2539
111	2028
643	673
408	1800
1073	2059
802	803
1191	471
1182	1184
906	2402
253	301
28	371
879	488
153	660
132	2313
1702	1721
667	1152
1706	1703
27	2260
297	2022
438	2656
0	1752
91	2652
977	127
719	1977
607	2251
935	2156
195	2242
1419	454
326	1620
3	116
718	1977
16	1214
259	523
1321	827
1019	1497
748	1985
547	956
334	2206
620	685
237	288
122	2619
0	1250
1537	1536
1120	2281
490	1420
399	2375
197	444
61	931
0	1562
148	241
0	1690
33	1831
27	2343
152	854
13	940
181	912
858	1920
67	2600
1347	1808
1271	872
949	2345
1538	1536
64	100
1522	2696
236	340
642	1637
708	764
341	340
121	1782
469	843
88	6
561	391
1855	2565
792	794
381	382
150	1476
224	2104
3	541
198	2019
15	2257
822	2655
1687	1688
812	653
152	1158
1427	2395
509	2625
627	2026
1509	1556
1261	1809
1146	2623
1251	958
182	892
1299	481
121	2015
498	2122
13	301
436	120
201	1306
1098	1240
68	1472
384	2561
770	769
1686	467
1111	1840
36	2065
1656	2486
1833	2540
0	1586
1110	1837
122	118
1284	2129
84	1043
524	681
560	1240
467	2592
1780	2692
504	1909
714	1626
71	2044
52	1578
0	605
486	2657
53	1399
28	2563
1798	1444
1712	2450
465	1351
122	430
1652	747
260	563
809	1557
177	2174
47	1911
1248	1249
14	15
1112	964
1792	1794
121	977
786	1150
1158	2200
809	1509
1142	945
291	2319
1161	839
1578	884
1207	1715
318	828
147	617
1580	1576
54	53
490	491
154	1369
589	629
24	2706
27	1298
1142	1906
98	2250
87	421
1217	1642
31	571
390	1150
644	1627
1701	1733
110	1787
651	2036
333	1547
87	420
1546	2395
1657	2405
1791	1788
412	98
23	2079
845	2178
73	1998
174	2240
47	152
0	883
518	2222
495	971
1195	326
19	80
100	1466
857	1052
631	632
2	1973
450	508
1662	2411
87	1901
1344	1691
827	2619
15	2136
593	2218
747	1621
1494	2371
631	363
198	609
1861	1557
0	1564
944	946
1418	1842
394	2174
1528	1767
449	1007
511	238
755	1897
287	1445
328	2319
618	1438
712	713
42	2642
762	623
130	2227
173	614
71	602
1021	2143
787	1496
257	256
1706	1743
1348	1862
693	1377
168	2270
333	456
1814	2528
282	2611
0	2572
966	1902
509	722
182	671
122	123
1375	1106
0	2229
237	1278
660	2216
1090	2432
824	2600
1712	991
1210	1896
121	2002
1873	328
0	1173
109	442
1323	736
173	2512
485	484
422	656
1519	2514
340	2041
717	2552
0	1746
351	2117
407	1799
320	346
745	743
1172	1792
996	2047
72	2476
121	2275
39	2024
139	1404
146	1481
337	1264
707	1023
47	615
173	354
297	864
893	894
0	1498
483	979
87	1010
1183	2404
25	902
108	1922
0	399
139	1459
726	468
643	2675
952	1400
437	1398
1628	2377
363	362
524	2680
489	2226
1311	2149
1320	972
0	1460
1536	1534
121	1086
126	114
507	350
270	1941
453	2615
1591	2423
1246	2374
1725	2452
582	1899
1091	1448
1051	2269
201	2046
1282	2276
292	291
14	2145
329	1271
2	4
28	1159
959	961
1481	1379
644	673
84	1891
1254	2650
809	817
1174	1199
312	90
15	243
838	1900
355	356
406	2208
0	1943
609	77
943	244
328	976
472	1402
645	105
1133	1695
510	298
1016	1015
255	813
809	2681
121	262
367	1567
513	1197
63	100
963	2272
15	1004
3	1077
557	681
1550	2332
287	628
16	1001
121	126
809	2387
71	1985
713	875
50	2517
1252	1578
138	945
1129	2074
279	506
149	1777
257	2170
459	2281
52	1442
119	958
1183	1656
103	1980
982	2234
0	713
1162	1163
596	2302
655	421
85	872
20	22
822	1696
316	757
656	325
0	1503
576	1406
1338	2163
452	1680
149	2690
408	313
1871	1876
110	1780
1252	1253
786	1351
219	1075
101	1012
703	844
490	832
36	2049
43	2660
447	2311
235	752
1713	991
27	312
269	272
1390	1495
31	2639
936	1056
2	421
1150	1151
121	336
30	1514
511	397
0	2366
386	578
124	2177
488	2532
1798	1797
236	91
763	2188
486	1940
283	2214
414	334
15	2080
205	462
30	2191
1252	1813
365	366
418	2607
1840	1895
1687	1878
102	2040
1702	2440
51	2232
411	936
895	2020
951	1284
127	427
1226	491
0	1638
401	1600
809	747
925	2527
1729	2460
1090	1003
3	301
72	733
1555	1868
96	412
507	425
579	2011
248	1851
95	2273
251	1968
1191	2297
965	2170
201	202
100	1531
49	2294
1028	1561
149	2592
121	1986
622	387
91	228
2	2209
535	945
450	147
1000	1882
0	2143
102	1883
141	711
354	613
891	1644
548	956
1519	1793
448	1080
397	171
1057	2202
42	891
1712	1740
226	863
345	2335
240	694
513	2658
1287	1634
1312	823
1827	1528
84	2627
1241	1551
717	1554
1046	2055
1136	2239
1254	1064
351	1643
222	710
282	1138
672	899
144	1529
71	157
84	970
0	2340
241	1777
329	476
304	2236
1140	2079
822	1530
1040	995
766	46
375	2002
196	1036
1161	1376
352	2031
72	534
745	996
424	1671
504	1451
337	2013
89	151
224	627
928	2603
284	1100
1734	2457
1540	2326
617	1792
712	1626
50	1335
763	490
211	383
669	1572
121	1354
70	2642
268	1710
52	2280
1210	2415
84	586
760	2660
817	883
1843	2554
662	2216
27	1598
758	1171
955	844
1252	1815
0	1469
47	2200
390	501
26	1916
266	879
488	1625
903	902
1218	1649
579	2163
1053	747
408	410
380	141
286	1162
196	2633
173	355
490	2163
1085	1478
205	1927
52	1579
537	72
173	2644
26	658
1071	2656
7	2206
295	984
445	643
809	802
1138	2673
437	1086
424	414
56	751
71	1440
477	2209
177	1135
799	1378
1585	2365
625	2698
228	91
714	1628
40	2647
108	181
1392	2198
1582	1583
0	806
500	501
127	114
28	1761
25	1060
20	1970
320	2001
472	498
216	454
1672	1896
294	914
929	930
805	804
724	2668
1825	1163
1050	2466
28	1966
810	359
659	2705
505	1498
351	1612
1035	1034
58	456
377	2635
245	1881
146	1356
28	2548
526	1085
1807	2521
1541	1543
249	250
13	1965
589	2600
28	739
198	2293
758	2538
185	1925
1578	1265
594	1264
940	700
713	2288
593	34
498	1500
772	2000
171	1090
205	464
90	312
417	1801
1083	1610
119	189
784	917
119	957
746	409
1323	2650
463	1802
136	1789
578	1986
1854	2566
817	1504
739	2506
71	2485
175	1819
1712	1720
108	828
236	288
367	545
328	1676
0	803
82	2155
1623	1624
520	1363
0	1200
619	975
1670	1671
43	2624
1090	2431
0	1556
603	1014
847	2009
1318	2192
2	2244
216	1219
28	1758
955	2160
111	112
379	1971
772	1989
31	1083
945	780
1549	58
986	2045
925	923
1383	2189
222	442
1697	2435
852	1337
508	2625
379	1004
1241	2110
105	2201
837	2635
642	954
572	1434
84	2055
85	2264
121	2199
102	2245
1706	1740
543	1825
1724	1729
366	1026
337	339
643	1628
1172	2393
657	2510
1484	1114
1112	1508
207	349
1605	2372
100	63
1066	351
347	2167
356	204
672	1232
45	1918
128	2295
282	2214
1109	2678
84	739
479	1363
1129	1868
389	2153
312	1592
1398	1789
1679	1680
55	1399
184	1925
348	2046
1853	2564
1412	1413
71	1012
774	1799
625	624
1088	1087
632	1131
1685	1684
0	31
1539	1085
328	1275
84	2077
1750	2468
340	560
648	2156
1174	1173
242	148
973	2067
65	1376
846	2123
708	366
1422	1697
1182	2404
379	2685
79	1367
379	796
222	1373
0	1317
822	1083
786	1357
0	557
374	212
198	1303
906	1284
58	282
822	1573
509	2593
1838	1111
1079	2256
479	2264
798	799
279	2035
147	1439
728	1129
701	1069
169	168
633	275
779	2364
121	1361
1231	2197
74	2304
334	1933
72	1303
169	1051
64	1112
1491	1616
1824	1171
543	1767
198	1822
764	366
427	2025
681	2018
0	1349
654	2223
557	572
30	262
1104	1277
538	534
774	2069
279	2152
54	2257
509	1189
379	408
702	1036
110	2506
680	695
1201	2660
379	1068
696	811
95	2235
48	442
50	2162
1582	2676
1	2149
96	97
27	881
692	1281
1651	747
1636	2677
1810	1554
256	2248
271	270
1020	2127
417	916
228	2111
87	261
1855	2566
557	1062
121	2095
399	1159
1344	1690
1125	2496
71	1479
1708	2443
165	2121
448	449
1210	1673
1469	2578
367	556
855	2282
1589	1634
524	954
204	357
4	334
1794	1792
298	477
489	1941
873	476
75	2141
800	255
171	1180
109	2035
242	1777
2	1994
537	2487
368	1122
0	1290
85	1951
200	192
0	720
204	182
111	1185
47	755
532	531
240	1566
0	1553
150	2449
496	457
490	2011
9	1322
515	1166
84	2541
47	702
504	2089
50	2554
287	1080
441	442
965	2064
12	837
681	1899
727	1978
781	2007
13	123
121	2090
674	500
71	370
1841	2553
675	453
1562	712
54	2042
702	1034
1262	659
710	1373
117	71
78	536
388	2072
1014	2239
694	992
1082	1903
1529	1544
66	1269
240	699
217	796
1290	2333
1275	582
1066	2117
1760	2474
294	2282
917	2406
16	531
26	1944
49	1198
511	504
809	0
1682	550
543	1528
773	2269
607	2539
15	2055
173	1314
1582	2345
84	2560
371	259
589	1039
87	2128
374	2638
1593	2352
472	2135
835	907
31	817
73	2355
929	931
577	1328
182	1131
492	491
1195	1616
71	2431
438	2582
96	2250
13	1127
0	2702
1501	2689
845	330
1742	1743
27	1512
812	651
585	2640
831	1862
15	420
658	1821
504	2369
121	413
52	2421
939	834
108	2000
684	1224
897	1078
15	668
28	2222
466	534
354	615
260	1952
87	2238
129	740
1846	1845
577	2001
579	492
653	1963
382	1339
310	829
948	385
43	530
1825	2699
293	2399
1281	1490
1014	914
1678	2422
160	276
0	21
1	2057
247	1851
1381	2634
1713	2464
903	1060
684	856
1494	951
1136	1846
355	2294
200	1291
711	1976
49	2273
1502	2470
1057	2073
64	1002
1764	2480
13	2127
990	911
1106	1792
574	2453
1004	546
543	1518
817	1460
121	4
122	1986
462	2390
1582	1581
0	2131
379	1999
17	80
1689	1692
234	290
1541	2327
1732	1743
1052	2122
1587	1581
43	1374
842	637
371	1761
1350	2353
563	1952
121	2047
1517	2314
295	2461
1558	1639
1085	1537
15	494
434	368
422	1963
479	1979
0	1509
1767	1171
1169	1077
197	2652
976	1485
976	563
435	1211
955	861
1069	1056
705	1973
651	699
1253	2507
119	1152
922	2676
1815	1816
71	2357
121	375
1186	2093
521	2049
559	2594
810	360
187	2620
71	2318
1767	2537
217	710
1655	2683
201	2087
1665	1883
631	630
967	2136
1681	1878
197	137
794	790
1087	2105
3	1398
1702	2450
1663	1664
513	2512
176	1256
728	6
1589	1287
1367	1339
304	1385
224	2026
536	537
54	1399
704	934
222	90
1366	1393
924	1914
786	15
356	357
1060	902
1218	1329
615	614
69	2434
0	1321
579	2188
1734	1733
225	2228
187	2667
54	2286
43	807
58	1445
1645	2388
1255	2306
132	1414
121	2028
467	1681
380	2115
15	1952
712	643
973	2587
1755	1756
884	1579
87	113
487	2082
472	468
857	1626
897	154
1246	2367
71	382
72	1314
672	980
379	1067
452	71
643	1586
381	2700
47	1078
1076	2285
153	2152
399	2089
27	2385
266	488
879	2681
79	1937
368	1991
91	222
1691	2426
618	1446
518	1308
355	2267
1871	1873
121	114
129	1264
328	724
18	332
15	563
1743	1742
473	685
67	138
535	1193
472	1204
465	538
328	1894
121	334
103	2423
0	1393
1827	1162
1780	2504
552	2487
203	2253
151	1486
1146	1051
543	2699
747	1609
811	1897
950	951
1543	2329
20	1920
1706	1713
535	944
413	2154
1233	1089
301	1879
200	734
17	332
20	2403
0	2492
337	129
121	1670
79	1946
493	1942
1068	545
97	2250
295	2440
80	2624
796	2475
333	938
2	368
52	2162
626	624
867	865
71	507
160	1225
340	388
381	2599
188	1746
1548	58
84	1079
174	775
69	1939
1566	2370
1097	2204
0	584
0	1861
211	1184
0	737
1852	2564
682	1899
642	1607
0	1940
91	1098
54	1107
1192	1289
173	453
673	875
28	786
833	2073
408	367
446	859
950	1284
15	2276
0	13
1523	2321
1252	50
922	1583
1094	1093
780	1601
121	2344
301	431
40	2660
778	2119
131	2601
27	1338
685	620
1268	52
642	2569
13	502
1709	2444
1274	1470
562	662
784	2652
230	220
264	2320
122	1077
466	2434
176	2706
1454	1005
0	488
52	1816
670	2273
589	1983
405	934
96	98
1615	1616
1706	2450
1417	166
515	971
355	204
1556	1861
504	1666
901	191
266	1054
100	927
341	218
1177	1176
27	711
468	725
52	567
809	2655
0	1632
1246	1617
121	1194
286	64
591	658
511	936
407	1800
1021	1114
1274	2692
657	431
848	538
0	1691
147	1979
767	2435
1476	1778
84	33
285	1827
1105	1277
485	791
124	1251
122	117
30	1449
198	1102
139	196
1276	2123
841	2134
513	2601
301	2385
189	2394
1788	2513
71	752
1475	1779
15	2583
835	892
993	1280
1746	2689
154	1906
749	2632
502	703
379	2595
47	2050
225	934
47	613
301	1965
71	847
1611	1628
709	1975
1175	1154
2	541
31	2532
207	592
886	1578
86	1919
168	1378
182	836
2	172
1535	2448
15	1107
82	1974
541	5
64	1531
604	2299
84	1470
1315	2211
1539	1532
173	647
1712	295
87	117
3	477
48	1198
1513	2313
1132	1367
1707	1708
1305	2143
27	393
222	1384
117	1985
1853	2565
34	504
710	1976
464	2397
140	131
543	1830
224	2482
83	2095
328	1873
0	2301
271	272
174	52
467	1683
1696	1305
1389	1156
919	920
79	2128
1804	1330
439	1211
53	55
511	1407
1733	2457
944	1331
792	484
333	1548
1336	2630
690	554
1411	1413
215	2343
252	2591
1071	166
333	2156
1085	1532
605	1640
1160	1669
52	1591
15	2219
121	117
91	735
63	1002
46	2132
871	2029
301	2275
1568	2400
13	1640
171	913
173	1647
165	2065
358	544
270	272
1314	2150
421	997
581	1956
1473	993
64	1704
777	1228
355	140
1392	1346
1190	470
1520	2587
198	824
1158	2334
464	2551
1190	1229
87	121
361	2134
1205	2167
380	493
72	1925
926	923
1018	2051
424	2386
52	1680
64	1376
784	2406
1171	1829
110	2692
260	457
226	2322
1269	2334
175	1118
38	59
445	1585
273	1931
465	276
948	2077
1565	2402
0	422
1660	2408
634	636
66	1120
0	1811
1193	1552
35	2150
303	1932
1069	1472
769	1988
877	876
1208	2181
200	6
1730	1731
1562	954
417	2206
742	1983
508	2593
71	637
1241	2333
849	1904
461	1135
48	1119
70	2645
404	2544
118	801
1513	1514
1117	2072
285	1767
1598	1599
67	2004
106	15
341	2268
105	787
999	2265
222	1098
1352	602
512	2174
872	476
384	1207
647	2354
916	2095
1030	151
299	2161
16	2099
697	1971
582	21
